59  6882
89  16096
107  23292
113  26195
147  44751
97  19104
120  29377
9  126
35  2352
65  8426
102  21189
103  21596
48  4505
117  28067
87  15296
40  3110
37  2604
6  48
28  1471
95  18376
87  15334
8  99
128  33761
120  29368
18  565
79  12545
24  1082
98  19488
142  41641
52  5342
112  25642
104  22136
139  40024
70  9755
67  9020
40  3075
69  9593
90  16389
47  4295
6  52
5  33
51  5084
108  23942
103  21543
18  575
45  4019
141  41147
106  22931
101  20752
72  10412
51  5133
39  2936
78  12207
29  1562
9  121
146  44006
106  22917
83  13939
94  18001
3  9
133  36412
109  24230
105  22618
26  1254
29  1575
22  884
116  27645
96  18717
110  24771
66  8635
101  20900
17  509
115  27168
111  25321
118  28651
36  2470
58  6632
14  334
140  40318
9  120
84  14278
41  3249
98  19643
64  8167
68  9316
9  127
61  7393
76  11611
91  16857
57  6434
77  12017
126  32646
68  9184
84  14313
55  5928
95  18497
105  22646
21  803
94  17901
117  28004
85  14660
97  19225
133  36415
103  21774
58  6645
5  33
41  3286
18  590
69  9473
31  1832
77  11959
3  8
122  30549
26  1274
118  28594
40  3091
33  2079
81  13185
18  584
26  1251
40  3117
94  17919
55  5997
107  23369
80  12906
108  23861
52  5301
35  2376
31  1817
48  4485
55  6011
19  644
143  42219
90  16450
120  29555
103  21514
145  43433
11  206
119  28912
65  8455
92  17247
99  19884
118  28577
64  8247
123  31153
86  14948
6  50
58  6675
69  9622
22  906
135  37431
108  23859
18  578
92  17114
65  8384
97  19166
50  4944
19  663
34  2200
79  12586
66  8657
139  39636
148  45271
59  6906
79  12574
22  894
65  8419
75  11387
31  1826
86  14899
42  3410
25  1160
35  2360
10  157
87  15349
60  7144
147  44736
143  42201
21  805
66  8629
16  451
58  6692
24  1059
84  14225
148  45340
87  15277
83  13850
48  4511
9  124
116  27699
29  1595
73  10676
9  129
28  1503
34  2212
87  15353
48  4515
149  46104
64  8106
130  34769
86  14988
8  102
57  6493
23  967
16  448
143  42216
82  13616
13  285
136  38130
5  30
130  34693
54  5756
61  7394
4  20
41  3226
59  6856
142  41556
122  30587
105  22487
149  45887
140  40514
36  2488
124  31588
148  45545
114  26533
60  7139
137  38480
65  8426
60  7175
103  21551
97  19182
144  42942
109  24296
4  16
17  507
27  1392
49  4733
149  46089
39  2920
36  2523
4  16
71  10064
140  40440
63  7879
73  10675
31  1826
24  1065
117  28153
56  6217
127  33504
20  720
46  4134
66  8791
46  4128
96  18700
82  13664
105  22535
83  13966
145  43472
15  388
36  2468
92  17167
61  7348
47  4372
95  18376
128  33779
73  10759
142  41791
128  33697
14  344
80  12853
34  2216
83  13910
123  31188
148  45284
58  6712
56  6243
22  880
26  1279
110  24783
52  5321
96  18861
59  6932
116  27560
141  40944
5  33
100  20489
96  18693
87  15289
96  18691
13  290
25  1169
90  16317
72  10348
71  10121
87  15402
50  4886
46  4120
80  12926
80  12895
58  6659
62  7654
113  26142
139  39949
87  15349
15  387
99  19941
142  41652
35  2311
27  1354
6  52
85  14625
122  30651
63  7885
103  21621
17  512
67  8887
54  5768
111  25241
56  6186
52  5320
26  1258
131  35359
140  40549
96  18729
52  5293
78  12276
48  4501
96  18673
60  7169
127  33088
56  6227
120  29649
142  41719
45  3948
110  24762
7  65
143  42357
102  21187
92  17179
72  10450
10  166
28  1476
44  3761
124  31576
33  2086
59  6907
93  17514
85  14662
72  10365
147  44566
135  37661
96  18791
32  1920
30  1720
94  17830
83  13923
106  22845
141  41047
81  13223
16  444
22  886
136  38294
38  2800
66  8661
83  13920
146  44137
123  31157
128  33654
2  1
65  8425
51  5209
11  202
143  42229
145  43402
37  2621
79  12611
55  6004
128  33889
14  343
29  1556
29  1550
52  5324
28  1463
59  6904
80  12895
120  29787
44  3787
88  15716
15  396
28  1497
102  21149
87  15238
14  351
138  39165
55  5975
147  44732
39  2916
28  1477
30  1711
39  2938
144  42881
131  35280
100  20380
41  3228
126  32718
39  2929
118  28491
83  13977
17  504
35  2355
15  389
44  3768
137  38714
41  3255
6  47
119  29006
63  7887
48  4491
57  6438
129  34171
74  11108
61  7408
66  8684
138  39370
101  20757
24  1055
40  3097
138  39306
102  21229
120  29502
80  13025
96  18704
101  20811
82  13490
40  3126
129  34312
120  29551
60  7156
115  27104
39  2971
145  43667
128  33815
134  37204
132  36016
19  653
138  39225
5  33
132  35938
88  15679
60  7131
111  25103
13  289
23  982
28  1491
53  5563
123  31146
102  21214
143  42176
15  384
54  5787
113  26100
93  17572
53  5555
64  8214
78  12286
91  16809
44  3795
48  4478
53  5504
61  7417
137  38828
49  4695
39  2920
121  30142
31  1819
108  23863
109  24363
87  15257
90  16431
100  20454
145  43455
52  5326
111  25257
71  10083
130  34785
66  8705
44  3771
82  13619
60  7182
57  6454
134  36995
23  972
53  5598
37  2628
138  39331
129  34322
30  1705
84  14343
79  12506
82  13578
143  42065
118  28589
129  34376
32  1929
90  16377
62  7687
138  39277
101  20854
147  44718
130  34637
51  5129
47  4347
32  1947
64  8162
116  27517
64  8179
129  34168
62  7640
48  4532
91  16705
117  28057
33  2116
16  457
72  10353
120  29622
4  18
103  21587
149  45843
86  14933
84  14229
81  13288
131  35304
53  5559
112  25704
65  8478
45  3956
24  1071
105  22455
144  42788
74  10989
86  15002
46  4113
119  29184
20  726
12  249
137  38748
83  13865
43  3645
49  4728
129  34249
132  35861
68  9293
64  8200
147  44744
139  39932
35  2351
53  5535
144  42867
86  14978
138  39307
79  12580
69  9574
23  979
34  2225
31  1809
87  15321
77  11936
105  22499
42  3438
71  10052
81  13332
126  32679
19  652
50  4888
49  4683
82  13580
89  16120
130  34639
123  31153
136  38227
13  295
106  22992
55  5951
128  33680
7  71
96  18691
65  8438
58  6658
142  41626
149  45708
98  19613
123  31093
120  29649
120  29575
7  69
53  5559
57  6457
82  13602
60  7216
149  46174
56  6209
140  40504
126  32727
125  31990
40  3160
77  11951
57  6452
32  1935
57  6442
83  13927
18  575
120  29477
39  2908
123  31110
98  19578
96  18795
121  29959
65  8420
4  16
114  26656
116  27734
5  30
87  15299
86  15023
123  31031
145  43411
137  38695
82  13534
129  34272
48  4548
81  13235
35  2377
38  2769
109  24307
63  7832
128  33727
36  2461
22  887
10  163
143  42298
103  21899
79  12576
18  574
44  3746
104  22057
18  581
138  39205
76  11660
82  13497
45  3954
92  17155
48  4524
48  4509
29  1603
37  2601
73  10717
76  11662
24  1072
57  6444
56  6230
122  30618
40  3066
141  41072
62  7690
148  45537
54  5733
93  17578
86  14820
127  33147
5  32
132  35912
132  35982
82  13610
52  5283
79  12582
89  16000
68  9174
119  29129
15  393
52  5303
14  345
105  22443
99  19912
112  25815
36  2472
134  36939
35  2352
111  25158
60  7141
142  41639
17  521
85  14613
33  2059
60  7136
145  43466
83  13957
113  26122
140  40546
19  638
142  41635
144  42957
53  5575
124  31758
128  33722
103  21612
53  5532
67  8978
74  10989
75  11319
132  35951
124  31808
87  15221
139  39871
125  32129
102  21194
26  1272
13  285
39  2928
39  2976
72  10399
32  1923
106  23096
59  6893
63  7904
16  455
106  23019
144  42759
31  1845
97  19193
65  8454
75  11367
91  16861
21  787
50  4888
121  29937
26  1269
5  33
91  16787
98  19531
78  12219
73  10622
125  32179
68  9239
63  7901
100  20402
20  725
139  39919
112  25610
109  24240
28  1493
86  14976
139  39865
36  2493
143  42292
52  5296
50  4893
99  20007
98  19608
132  35985
98  19653
14  340
57  6460
91  16804
33  2093
9  126
63  7958
57  6445
13  286
4  18
58  6628
141  41003
127  33063
33  2069
111  25222
40  3079
131  35283
33  2092
29  1585
145  43385
141  40964
107  23395
81  13311
130  34737
141  40996
126  32629
85  14503
42  3423
128  33719
33  2093
76  11688
76  11687
45  3943
131  35291
18  568
128  33725
139  39781
131  35290
88  15698
54  5703
37  2608
144  42738
45  3950
14  336
27  1351
7  68
53  5548
8  92
90  16411
132  35848
4  17
81  13262
90  16366
135  37422
114  26664
81  13086
112  25766
49  4782
25  1158
142  41585
80  12858
99  19918
68  9237
28  1462
81  13322
136  37973
58  6650
122  30615
117  28067
144  42864
26  1256
4  17
138  39377
69  9533
69  9515
15  391
126  32668
120  29546
22  880
67  8988
102  21191
76  11589
50  4862
42  3442
61  7377
14  343
26  1258
75  11355
61  7401
101  20791
67  9009
44  3760
103  21650
38  2802
122  30474
34  2230
76  11594
30  1681
58  6702
96  18797
25  1152
82  13647
98  19501
13  289
53  5500
69  9497
27  1350
30  1714
39  2932
99  19971
147  44744
44  3790
77  11805
99  19961
136  38215
40  3068
112  25747
12  233
18  568
75  11284
16  447
83  13956
117  27906
117  27987
23  990
89  15890
53  5588
98  19526
118  28545
109  24269
44  3766
141  40978
41  3286
44  3760
56  6211
92  17258
112  25625
133  36485
24  1047
53  5508
134  36916
21  806
95  18332
61  7416
23  959
82  13585
4  21
133  36502
144  42692
20  701
58  6648
10  162
101  20779
26  1262
125  32064
27  1357
17  508
28  1453
123  31158
37  2683
135  37503
69  9554
80  12883
78  12189
15  389
135  37617
21  816
125  32316
22  872
43  3615
29  1589
7  74
115  27212
26  1236
118  28503
136  38103
106  22927
120  29446
119  28899
101  20739
138  39265
79  12599
13  285
142  41624
7  74
137  38592
19  662
23  963
67  8991
44  3785
58  6682
53  5509
111  25176
137  38765
129  34275
28  1458
26  1242
52  5332
4  19
46  4136
94  17953
83  13918
51  5124
111  25239
11  193
20  721
97  19172
116  27515
138  39362
118  28488
119  28938
31  1832
99  20046
34  2173
23  968
105  22616
21  796
40  3096
30  1700
87  15367
82  13595
138  39260
42  3415
95  18297
125  32014
73  10657
121  30031
53  5546
28  1497
27  1391
98  19577
120  29606
12  242
51  5081
133  36494
22  891
121  30078
132  36001
40  3070
14  345
