140
0  0.00856245  -0.0104832  -0.0129719  
0.0319149  0.0170987  -0.0208918  -0.0257446  
0.0638298  0.0255829  -0.0311515  -0.0381219  
0.0957447  0.0339891  -0.0411894  -0.0499141  
0.12766  0.042292  -0.0509344  -0.0609404  
0.159574  0.0504668  -0.0603176  -0.0710323  
0.191489  0.0584893  -0.0692731  -0.0800357  
0.223404  0.066336  -0.0777383  -0.0878139  
0.255319  0.0739845  -0.0856545  -0.0942491  
0.287234  0.0814131  -0.0929674  -0.0992445  
0.319149  0.0886015  -0.0996272  -0.102726  
0.351064  0.0955302  -0.105589  -0.104642  
0.382979  0.102181  -0.110814  -0.104967  
0.414894  0.108538  -0.115269  -0.103698  
0.446809  0.114586  -0.118926  -0.100857  
0.478723  0.12031  -0.121762  -0.0964904  
0.510638  0.125698  -0.123763  -0.0906675  
0.542553  0.13074  -0.124919  -0.0834791  
0.574468  0.135426  -0.125226  -0.0750365  
0.606383  0.13975  -0.124687  -0.0654694  
0.638298  0.143704  -0.123312  -0.054924  
0.670213  0.147285  -0.121113  -0.04356  
0.702128  0.15049  -0.118113  -0.0315488  
0.734043  0.153318  -0.114335  -0.0190703  
0.765957  0.155769  -0.10981  -0.00631036  
0.797872  0.157845  -0.104574  0.00654245  
0.829787  0.15955  -0.0986655  0.0192994  
0.861702  0.160887  -0.0921286  0.0317744  
0.893617  0.161864  -0.0850098  0.0437873  
0.925532  0.162488  -0.0773592  0.0551658  
0.957447  0.162767  -0.0692293  0.0657485  
0.989362  0.162711  -0.060675  0.0753868  
1.02128  0.16233  -0.0517527  0.0839473  
1.05319  0.161637  -0.0425199  0.0913131  
1.08511  0.160644  -0.033035  0.097386  
1.11702  0.159365  -0.0233566  0.102087  
1.14894  0.157812  -0.0135431  0.105357  
1.18085  0.156002  -0.00365226  0.107158  
1.21277  0.153949  0.00625911  0.107474  
1.24468  0.151668  0.0161357  0.106309  
1.2766  0.149176  0.0259241  0.103687  
1.30851  0.146488  0.0355729  0.0996535  
1.34043  0.14362  0.0450333  0.0942717  
1.37234  0.14059  0.054259  0.0876227  
1.40426  0.137412  0.0632069  0.0798039  
1.43617  0.134103  0.071837  0.0709269  
1.46809  0.130678  0.0801127  0.0611162  
1.5  0.127154  0.088001  0.0505068  
1.53191  0.123545  0.0954723  0.0392424  
1.56383  0.119867  0.102501  0.0274729  
1.59574  0.116133  0.109065  0.0153527  
1.62766  0.112358  0.115145  0.00303815  
1.65957  0.108554  0.120728  -0.00931456  
1.69149  0.104736  0.125802  -0.0215514  
1.7234  0.100914  0.13036  -0.0335223  
1.75532  0.0971002  0.134397  -0.0450836  
1.78723  0.093306  0.137914  -0.056099  
1.81915  0.0895412  0.140913  -0.0664419  
1.85106  0.0858153  0.143399  -0.0759961  
1.88298  0.0821371  0.145381  -0.0846575  
1.91489  0.0785147  0.146869  -0.0923347  
1.94681  0.0749555  0.147877  -0.0989501  
1.97872  0.0714663  0.148421  -0.10444  
2.01064  0.068053  0.148518  -0.108756  
2.04255  0.0647209  0.148188  -0.111864  
2.07447  0.0614748  0.14745  -0.113744  
2.10638  0.0583186  0.146328  -0.11439  
2.1383  0.0552559  0.144845  -0.113813  
2.17021  0.0522894  0.143023  -0.112033  
2.20213  0.0494215  0.140889  -0.109086  
2.23404  0.0466538  0.138466  -0.105018  
2.26596  0.0439875  0.135781  -0.0998857  
2.29787  0.0414234  0.132858  -0.0937567  
2.32979  0.0389618  0.129722  -0.0867058  
2.3617  0.0366024  0.126399  -0.0788158  
2.39362  0.0343449  0.122912  -0.0701751  
2.42553  0.0321882  0.119286  -0.060877  
2.45745  0.0301311  0.115543  -0.0510184  
2.48936  0.0281722  0.111706  -0.0406981  
2.52128  0.0263096  0.107795  -0.0300162  
2.55319  0.0245413  0.103832  -0.0190726  
2.58511  0.0228651  0.0998361  -0.00796582  
2.61702  0.0212786  0.0958245  0.00320773  
2.64894  0.019779  0.0918147  0.0143549  
2.68085  0.0183639  0.0878226  0.0253867  
2.71277  0.0170303  0.0838627  0.0362189  
2.74468  0.0157753  0.0799484  0.0467726  
2.7766  0.014596  0.0760921  0.0569752  
2.80851  0.0134894  0.0723046  0.0667604  
2.84043  0.0124524  0.068596  0.0760688  
2.87234  0.0114821  0.0649748  0.0848481  
2.90426  0.0105752  0.0614486  0.093053  
2.93617  0.00972897  0.058024  0.100646  
2.96809  0.00894028  0.0547065  0.107596  
3  0.00820623  0.0515004  0.113879  
3.03191  0.00752393  0.0484095  0.11948  
3.06383  0.00689059  0.0454363  0.124388  
3.09574  0.00630346  0.0425828  0.128599  
3.12766  0.00575988  0.0398499  0.132117  
3.15957  0.00525726  0.0372383  0.134948  
3.19149  0.00479313  0.0347475  0.137107  
3.2234  0.00436507  0.0323768  0.138611  
3.25532  0.0039708  0.0301247  0.139482  
3.28723  0.00360809  0.0279894  0.139746  
3.31915  0.00327485  0.0259687  0.139431  
3.35106  0.00296906  0.02406  0.13857  
3.38298  0.00268882  0.0222602  0.137195  
3.41489  0.00243229  0.0205661  0.135343  
3.44681  0.00219776  0.0189742  0.13305  
3.47872  0.00198361  0.017481  0.130353  
3.51064  0.0017883  0.0160827  0.12729  
3.54255  0.00161039  0.0147752  0.123899  
3.57447  0.00144851  0.0135548  0.120217  
3.60638  0.0013014  0.0124172  0.116282  
3.6383  0.00116785  0.0113586  0.112128  
3.67021  0.00104676  0.0103748  0.10779  
3.70213  0.000937089  0.00946196  0.103302  
3.73404  0.00083786  0.00861601  0.0986938  
3.76596  0.000748175  0.00783311  0.0939954  
3.79787  0.000667196  0.00710945  0.0892342  
3.82979  0.000594145  0.00644132  0.0844354  
3.8617  0.000528305  0.00582512  0.0796223  
3.89362  0.000469008  0.00525734  0.0748157  
3.92553  0.000415639  0.00473461  0.0700342  
3.95745  0.000367631  0.00425365  0.0652942  
3.98936  0.000324459  0.00381132  0.0606097  
4.02128  0.000285639  0.0034046  0.0559925  
4.05319  0.000250727  0.00303058  0.0514522  
4.08511  0.000219311  0.00268647  0.0469962  
4.11702  0.00019101  0.00236959  0.0426297  
4.14894  0.000165475  0.00207736  0.0383559  
4.18085  0.000142381  0.00180731  0.0341758  
4.21277  0.000121425  0.00155705  0.0300885  
4.24468  0.000102327  0.00132426  0.0260913  
4.2766  8.48222e-05  0.00110671  0.0221793  
4.30851  6.86621e-05  0.000902186  0.0183461  
4.34043  5.36098e-05  0.000708547  0.014583  
4.37234  3.94376e-05  0.000523653  0.01088  
4.40426  2.59241e-05  0.000345373  0.00722479  
4.43617  1.2851e-05  0.000171554  0.00360343  
