1  0
2  1
3  6
4  14
5  25
6  39
7  58
8  84
9  114
10  139
11  178
12  206
13  257
14  293
15  333
16  374
17  443
18  498
19  561
20  611
21  683
22  759
23  825
24  913
25  970
26  1060
27  1161
28  1249
29  1331
30  1418
31  1522
32  1619
33  1750
34  1866
35  1956
36  2095
37  2189
38  2331
39  2452
40  2578
41  2722
42  2851
43  2983
44  3131
45  3299
46  3441
47  3594
48  3717
49  3889
50  4069
51  4224
52  4375
53  4619
54  4775
55  4927
56  5118
57  5339
58  5485
59  5723
60  5913
61  6063
62  6307
63  6500
64  6746
65  6907
66  7124
67  7384
68  7599
69  7815
70  8111
71  8301
72  8540
73  8800
74  9057
75  9351
76  9529
77  9744
78  10076
79  10358
80  10483
81  10869
82  11111
83  11371
84  11635
85  11931
86  12245
87  12508
88  12739
89  13035
90  13408
91  13703
92  13968
93  14327
94  14577
95  14973
96  15238
97  15661
98  15885
99  16269
100  16562
101  16931
102  17231
103  17612
104  17911
105  18245
106  18606
107  19000
108  19310
109  19778
110  20157
111  20420
112  20821
113  21187
114  21461
115  22023
116  22352
117  22638
118  23182
119  23610
120  24025
121  24316
122  24731
123  25177
124  25653
125  26048
126  26367
127  26773
128  27268
129  27732
130  28097
131  28542
132  29109
133  29509
134  29952
135  30311
136  30774
137  31262
138  31656
139  32234
140  32645
