0.0445545  0.0084254
0.0891089  0.0168257
0.133663  0.0251758
0.178218  0.0334512
0.222772  0.0416272
0.267327  0.0496802
0.311881  0.0575868
0.356436  0.0653244
0.40099  0.0728714
0.445545  0.0802068
0.490099  0.0873109
0.534653  0.0941651
0.579208  0.100752
0.623762  0.107055
0.668317  0.113059
0.712871  0.118752
0.757426  0.12412
0.80198  0.129153
0.846535  0.133843
0.891089  0.138181
0.935644  0.142161
0.980198  0.145779
1.02475  0.149032
1.06931  0.151918
1.11386  0.154437
1.15842  0.156591
1.20297  0.158382
1.24752  0.159815
1.29208  0.160894
1.33663  0.161627
1.38119  0.162021
1.42574  0.162086
1.4703  0.16183
1.51485  0.161266
1.55941  0.160404
1.60396  0.159258
1.64851  0.15784
1.69307  0.156164
1.73762  0.154244
1.78218  0.152096
1.82673  0.149734
1.87129  0.147173
1.91584  0.144429
1.9604  0.141518
2.00495  0.138454
2.0495  0.135254
2.09406  0.131933
2.13861  0.128505
2.18317  0.124985
2.22772  0.121389
2.27228  0.117729
2.31683  0.11402
2.36139  0.110275
2.40594  0.106506
2.4505  0.102725
2.49505  0.098944
2.5396  0.0951737
2.58416  0.0914243
2.62871  0.0877051
2.67327  0.0840252
2.71782  0.0803928
2.76238  0.0768153
2.80693  0.0732996
2.85149  0.0698519
2.89604  0.0664778
2.94059  0.0631821
2.98515  0.0599691
3.0297  0.0568426
3.07426  0.0538054
3.11881  0.0508602
3.16337  0.0480088
3.20792  0.0452526
3.25248  0.0425926
3.29703  0.0400292
3.34158  0.0375624
3.38614  0.0351917
3.43069  0.0329163
3.47525  0.030735
3.5198  0.0286462
3.56436  0.0266482
3.60891  0.0247387
3.65347  0.0229154
3.69802  0.0211754
3.74257  0.0195161
3.78713  0.0179342
3.83168  0.0164265
3.87624  0.0149895
3.92079  0.0136196
3.96535  0.0123129
4.0099  0.0110657
4.05446  0.00987367
4.09901  0.0087328
4.14356  0.00763869
4.18812  0.0065869
4.23267  0.0055728
4.27723  0.00459163
4.32178  0.00363845
4.36634  0.00270815
4.41089  0.0017954
4.45545  0.000894626
