0.0445545  0.0141194
0.0891089  0.0281548
0.133663  0.042023
0.178218  0.0556425
0.222772  0.0689342
0.267327  0.0818223
0.311881  0.0942348
0.356436  0.106104
0.40099  0.117369
0.445545  0.127972
0.490099  0.137864
0.534653  0.147001
0.579208  0.155345
0.623762  0.162869
0.668317  0.169548
0.712871  0.175368
0.757426  0.180321
0.80198  0.184406
0.846535  0.187628
0.891089  0.19
0.935644  0.19154
0.980198  0.192272
1.02475  0.192227
1.06931  0.191437
1.11386  0.189943
1.15842  0.187785
1.20297  0.185009
1.24752  0.181663
1.29208  0.177797
1.33663  0.173462
1.38119  0.168709
1.42574  0.16359
1.4703  0.158157
1.51485  0.152462
1.55941  0.146553
1.60396  0.140479
1.64851  0.134286
1.69307  0.128018
1.73762  0.121716
1.78218  0.115419
1.82673  0.109162
1.87129  0.102979
1.91584  0.0968979
1.9604  0.0909463
2.00495  0.0851469
2.0495  0.0795201
2.09406  0.0740829
2.13861  0.0688494
2.18317  0.0638311
2.22772  0.0590367
2.27228  0.0544724
2.31683  0.0501421
2.36139  0.0460475
2.40594  0.0421884
2.4505  0.0385629
2.49505  0.0351675
2.5396  0.0319973
2.58416  0.0290463
2.62871  0.0263074
2.67327  0.0237727
2.71782  0.0214337
2.76238  0.0192813
2.80693  0.0173062
2.85149  0.0154988
2.89604  0.0138492
2.94059  0.0123478
2.98515  0.0109848
3.0297  0.00975069
3.07426  0.0086362
3.11881  0.00763233
3.16337  0.00673038
3.20792  0.00592206
3.25248  0.00519945
3.29703  0.00455507
3.34158  0.00398186
3.38614  0.00347321
3.43069  0.00302293
3.47525  0.00262528
3.5198  0.00227494
3.56436  0.001967
3.60891  0.00169696
3.65347  0.00146069
3.69802  0.00125442
3.74257  0.00107474
3.78713  0.000918548
3.83168  0.000783035
3.87624  0.000665681
3.92079  0.000564218
3.96535  0.000476614
4.0099  0.000401049
4.05446  0.000335897
4.09901  0.000279706
4.14356  0.000231179
4.18812  0.000189155
4.23267  0.00015259
4.27723  0.000120544
4.32178  9.21583e-05
4.36634  6.66405e-05
4.41089  4.32479e-05
4.45545  2.12682e-05
