0.0445545  0.00221139
0.0891089  0.00451698
0.133663  0.00691435
0.178218  0.00940087
0.222772  0.0119737
0.267327  0.0146298
0.311881  0.0173659
0.356436  0.0201785
0.40099  0.0230639
0.445545  0.0260184
0.490099  0.0290379
0.534653  0.0321182
0.579208  0.0352548
0.623762  0.0384432
0.668317  0.0416787
0.712871  0.0449564
0.757426  0.0482712
0.80198  0.0516181
0.846535  0.0549917
0.891089  0.0583865
0.935644  0.0617972
0.980198  0.0652179
1.02475  0.0686431
1.06931  0.0720668
1.11386  0.0754833
1.15842  0.0788865
1.20297  0.0822704
1.24752  0.085629
1.29208  0.0889563
1.33663  0.0922461
1.38119  0.0954924
1.42574  0.0986889
1.4703  0.10183
1.51485  0.104909
1.55941  0.10792
1.60396  0.110857
1.64851  0.113714
1.69307  0.116486
1.73762  0.119166
1.78218  0.121749
1.82673  0.12423
1.87129  0.126602
1.91584  0.128861
1.9604  0.131001
2.00495  0.133018
2.0495  0.134905
2.09406  0.13666
2.13861  0.138276
2.18317  0.139751
2.22772  0.141078
2.27228  0.142256
2.31683  0.143279
2.36139  0.144145
2.40594  0.14485
2.4505  0.145391
2.49505  0.145765
2.5396  0.14597
2.58416  0.146004
2.62871  0.145864
2.67327  0.145548
2.71782  0.145056
2.76238  0.144387
2.80693  0.143538
2.85149  0.14251
2.89604  0.141303
2.94059  0.139916
2.98515  0.13835
3.0297  0.136605
3.07426  0.134682
3.11881  0.132583
3.16337  0.130309
3.20792  0.127862
3.25248  0.125244
3.29703  0.122457
3.34158  0.119505
3.38614  0.11639
3.43069  0.113115
3.47525  0.109685
3.5198  0.106103
3.56436  0.102373
3.60891  0.0985005
3.65347  0.0944892
3.69802  0.0903445
3.74257  0.0860716
3.78713  0.0816761
3.83168  0.0771638
3.87624  0.0725406
3.92079  0.0678127
3.96535  0.0629865
4.0099  0.0580688
4.05446  0.0530663
4.09901  0.0479861
4.14356  0.0428353
4.18812  0.0376213
4.23267  0.0323516
4.27723  0.0270339
4.32178  0.0216759
4.36634  0.0162854
4.41089  0.0108706
4.45545  0.0054394
