0.0445545  0.00975497
0.0891089  0.019866
0.133663  0.03026
0.178218  0.0408607
0.222772  0.05159
0.267327  0.0623686
0.311881  0.0731169
0.356436  0.0837558
0.40099  0.0942077
0.445545  0.104397
0.490099  0.114252
0.534653  0.123705
0.579208  0.13269
0.623762  0.14115
0.668317  0.149031
0.712871  0.156286
0.757426  0.162876
0.80198  0.168767
0.846535  0.173931
0.891089  0.17835
0.935644  0.18201
0.980198  0.184908
1.02475  0.187043
1.06931  0.188424
1.11386  0.189065
1.15842  0.188986
1.20297  0.188212
1.24752  0.186773
1.29208  0.184704
1.33663  0.182044
1.38119  0.178833
1.42574  0.175117
1.4703  0.17094
1.51485  0.166351
1.55941  0.161398
1.60396  0.15613
1.64851  0.150595
1.69307  0.14484
1.73762  0.138914
1.78218  0.132859
1.82673  0.12672
1.87129  0.120538
1.91584  0.114351
1.9604  0.108194
2.00495  0.102101
2.0495  0.0961017
2.09406  0.0902226
2.13861  0.0844877
2.18317  0.0789179
2.22772  0.0735309
2.27228  0.0683416
2.31683  0.063362
2.36139  0.0586016
2.40594  0.0540671
2.4505  0.0497631
2.49505  0.0456917
2.5396  0.0418534
2.58416  0.0382466
2.62871  0.0348681
2.67327  0.0317134
2.71782  0.0287767
2.76238  0.0260512
2.80693  0.0235293
2.85149  0.0212025
2.89604  0.0190619
2.94059  0.0170982
2.98515  0.0153018
3.0297  0.0136631
3.07426  0.0121722
3.11881  0.0108196
3.16337  0.00959555
3.20792  0.00849088
3.25248  0.00749654
3.29703  0.00660382
3.34158  0.0058044
3.38614  0.00509033
3.43069  0.00445411
3.47525  0.00388866
3.5198  0.00338734
3.56436  0.00294395
3.60891  0.00255274
3.65347  0.00220838
3.69802  0.00190594
3.74257  0.00164092
3.78713  0.00140918
3.83168  0.00120694
3.87624  0.00103079
3.92079  0.000877611
3.96535  0.000744586
4.0099  0.000629179
4.05446  0.000529099
4.09901  0.000442282
4.14356  0.000366869
4.18812  0.00030118
4.23267  0.000243696
4.27723  0.00019303
4.32178  0.000147909
4.36634  0.000107149
4.41089  6.96295e-05
4.45545  3.42699e-05
