0.0445545  0.0403767
0.0891089  0.0811591
0.133663  0.120973
0.178218  0.158504
0.222772  0.192566
0.267327  0.222154
0.311881  0.246492
0.356436  0.265059
0.40099  0.277601
0.445545  0.284126
0.490099  0.284884
0.534653  0.280333
0.579208  0.271099
0.623762  0.257926
0.668317  0.241629
0.712871  0.223043
0.757426  0.202986
0.80198  0.182215
0.846535  0.161406
0.891089  0.141131
0.935644  0.121847
0.980198  0.103899
1.02475  0.0875197
1.06931  0.0728426
1.11386  0.0599134
1.15842  0.0487067
1.20297  0.0391417
1.24752  0.0310978
1.29208  0.0244292
1.33663  0.0189767
1.38119  0.0145782
1.42574  0.0110764
1.4703  0.0083241
1.51485  0.00618801
1.55941  0.00455061
1.60396  0.0033107
1.64851  0.00238301
1.69307  0.00169713
1.73762  0.00119593
1.78218  0.000833914
1.82673  0.000575415
1.87129  0.000392919
1.91584  0.000265526
1.9604  0.000177586
2.00495  0.00011755
2.0495  7.70138e-05
2.09406  4.99412e-05
2.13861  3.2056e-05
2.18317  2.03672e-05
2.22772  1.28098e-05
2.27228  7.9754e-06
2.31683  4.91559e-06
2.36139  2.99932e-06
2.40594  1.81179e-06
2.4505  1.08353e-06
2.49505  6.41562e-07
2.5396  3.76102e-07
2.58416  2.18299e-07
2.62871  1.25455e-07
2.67327  7.13886e-08
2.71782  4.0223e-08
2.76238  2.24408e-08
2.80693  1.23965e-08
2.85149  6.77966e-09
2.89604  3.67198e-09
2.94059  1.97064e-09
2.98515  1.04808e-09
3.0297  5.52581e-10
3.07426  2.8978e-10
3.11881  1.50754e-10
3.16337  7.84017e-11
3.20792  4.30281e-11
3.25248  2.37097e-11
3.29703  1.32836e-11
3.34158  8.64217e-12
3.38614  5.1841e-12
3.43069  2.80091e-12
3.47525  2.52504e-12
3.5198  1.62617e-12
3.56436  4.14989e-13
3.60891  8.17861e-13
3.65347  9.60955e-13
3.69802  1.06104e-13
3.74257  -2.71691e-13
3.78713  7.73221e-14
3.83168  1.83616e-13
3.87624  3.18548e-13
3.92079  7.4617e-13
3.96535  4.98916e-13
4.0099  -3.51682e-13
4.05446  -6.42743e-13
4.09901  -4.19889e-13
4.14356  -2.7507e-13
4.18812  3.75163e-13
4.23267  1.03524e-12
4.27723  6.69498e-13
4.32178  -1.1777e-13
4.36634  -9.7455e-13
4.41089  -1.39045e-12
4.45545  -8.05483e-13
