0.0445545  0.00437833
0.0891089  0.00875243
0.133663  0.013118
0.178218  0.0174709
0.222772  0.0218069
0.267327  0.0261218
0.311881  0.0304114
0.356436  0.0346715
0.40099  0.038898
0.445545  0.0430869
0.490099  0.047234
0.534653  0.0513354
0.579208  0.055387
0.623762  0.059385
0.668317  0.0633255
0.712871  0.0672047
0.757426  0.0710188
0.80198  0.0747641
0.846535  0.078437
0.891089  0.082034
0.935644  0.0855515
0.980198  0.0889861
1.02475  0.0923346
1.06931  0.0955936
1.11386  0.0987601
1.15842  0.101831
1.20297  0.104803
1.24752  0.107674
1.29208  0.110441
1.33663  0.1131
1.38119  0.11565
1.42574  0.118088
1.4703  0.120412
1.51485  0.122619
1.55941  0.124708
1.60396  0.126676
1.64851  0.128521
1.69307  0.130242
1.73762  0.131836
1.78218  0.133303
1.82673  0.134641
1.87129  0.135849
1.91584  0.136925
1.9604  0.137869
2.00495  0.138679
2.0495  0.139355
2.09406  0.139896
2.13861  0.140302
2.18317  0.140572
2.22772  0.140706
2.27228  0.140704
2.31683  0.140566
2.36139  0.140292
2.40594  0.139882
2.4505  0.139336
2.49505  0.138656
2.5396  0.137842
2.58416  0.136894
2.62871  0.135814
2.67327  0.134603
2.71782  0.133262
2.76238  0.131791
2.80693  0.130193
2.85149  0.12847
2.89604  0.126622
2.94059  0.124651
2.98515  0.12256
3.0297  0.120351
3.07426  0.118025
3.11881  0.115585
3.16337  0.113034
3.20792  0.110373
3.25248  0.107605
3.29703  0.104734
3.34158  0.101761
3.38614  0.09869
3.43069  0.0955236
3.47525  0.0922649
3.5198  0.088917
3.56436  0.0854832
3.60891  0.0819668
3.65347  0.0783713
3.69802  0.0747001
3.74257  0.0709567
3.78713  0.0671448
3.83168  0.063268
3.87624  0.0593302
3.92079  0.055335
3.96535  0.0512865
4.0099  0.0471884
4.05446  0.0430447
4.09901  0.0388595
4.14356  0.0346368
4.18812  0.0303807
4.23267  0.0260953
4.27723  0.0217846
4.32178  0.017453
4.36634  0.0131045
4.41089  0.00874336
4.45545  0.00437379
