0.0445545  0.00497754
0.0891089  0.0101548
0.133663  0.0155132
0.178218  0.0210333
0.222772  0.0266946
0.267327  0.032476
0.311881  0.0383556
0.356436  0.0443109
0.40099  0.0503191
0.445545  0.0563571
0.490099  0.0624016
0.534653  0.0684294
0.579208  0.0744172
0.623762  0.0803421
0.668317  0.0861816
0.712871  0.0919137
0.757426  0.097517
0.80198  0.102971
0.846535  0.108255
0.891089  0.113352
0.935644  0.118242
0.980198  0.12291
1.02475  0.12734
1.06931  0.131518
1.11386  0.135431
1.15842  0.139067
1.20297  0.142417
1.24752  0.145472
1.29208  0.148226
1.33663  0.150672
1.38119  0.152807
1.42574  0.154628
1.4703  0.156133
1.51485  0.157325
1.55941  0.158203
1.60396  0.158771
1.64851  0.159034
1.69307  0.158997
1.73762  0.158667
1.78218  0.158051
1.82673  0.15716
1.87129  0.156001
1.91584  0.154587
1.9604  0.152929
2.00495  0.151038
2.0495  0.148928
2.09406  0.146612
2.13861  0.144103
2.18317  0.141415
2.22772  0.138563
2.27228  0.13556
2.31683  0.132421
2.36139  0.129161
2.40594  0.125794
2.4505  0.122333
2.49505  0.118793
2.5396  0.115188
2.58416  0.11153
2.62871  0.107832
2.67327  0.104107
2.71782  0.100366
2.76238  0.0966209
2.80693  0.0928823
2.85149  0.0891604
2.89604  0.0854646
2.94059  0.0818038
2.98515  0.0781862
3.0297  0.0746193
3.07426  0.0711101
3.11881  0.0676646
3.16337  0.0642886
3.20792  0.0609868
3.25248  0.0577635
3.29703  0.0546224
3.34158  0.0515663
3.38614  0.0485978
3.43069  0.0457186
3.47525  0.04293
3.5198  0.0402327
3.56436  0.0376269
3.60891  0.0351122
3.65347  0.032688
3.69802  0.030353
3.74257  0.0281056
3.78713  0.0259436
3.83168  0.0238648
3.87624  0.0218664
3.92079  0.0199451
3.96535  0.0180975
4.0099  0.01632
4.05446  0.0146082
4.09901  0.012958
4.14356  0.0113646
4.18812  0.00982303
4.23267  0.00832801
4.27723  0.00687399
4.32178  0.00545506
4.36634  0.00406498
4.41089  0.00269717
4.45545  0.00134465
