0.0445545  0.0470966
0.0891089  0.0927969
0.133663  0.135774
0.178218  0.174832
0.222772  0.208965
0.267327  0.237397
0.311881  0.25961
0.356436  0.275354
0.40099  0.284643
0.445545  0.287736
0.490099  0.285106
0.534653  0.277393
0.579208  0.265364
0.623762  0.24986
0.668317  0.231748
0.712871  0.211879
0.757426  0.191052
0.80198  0.169981
0.846535  0.14928
0.891089  0.129447
0.935644  0.110864
0.980198  0.0938007
1.02475  0.0784195
1.06931  0.0647925
1.11386  0.0529148
1.15842  0.0427212
1.20297  0.0341019
1.24752  0.0269174
1.29208  0.0210112
1.33663  0.0162208
1.38119  0.0123861
1.42574  0.00935558
1.4703  0.00699059
1.51485  0.00516762
1.55941  0.00377946
1.60396  0.00273498
1.64851  0.00195834
1.69307  0.00138756
1.73762  0.000972895
1.78218  0.000675073
1.82673  0.000463579
1.87129  0.000315067
1.91584  0.000211935
1.9604  0.000141105
2.00495  9.29889e-05
2.0495  6.0658e-05
2.09406  3.91675e-05
2.13861  2.50355e-05
2.18317  1.58414e-05
2.22772  9.92318e-06
2.27228  6.15373e-06
2.31683  3.77807e-06
2.36139  2.29644e-06
2.40594  1.38199e-06
2.4505  8.23443e-07
2.49505  4.85789e-07
2.5396  2.83767e-07
2.58416  1.64131e-07
2.62871  9.39998e-08
2.67327  5.33084e-08
2.71782  2.9937e-08
2.76238  1.66477e-08
2.80693  9.16908e-09
2.85149  5.00128e-09
2.89604  2.69992e-09
2.94059  1.44408e-09
2.98515  7.67145e-10
3.0297  4.02674e-10
3.07426  2.08205e-10
3.11881  1.07215e-10
3.16337  5.44291e-11
3.20792  2.76164e-11
3.25248  1.399e-11
3.29703  5.99308e-12
3.34158  3.01031e-12
3.38614  1.65391e-12
3.43069  6.93426e-13
3.47525  1.95819e-12
3.5198  1.59016e-12
3.56436  -1.11711e-13
3.60891  6.60675e-13
3.65347  1.67952e-12
3.69802  1.61108e-12
3.74257  1.27109e-12
3.78713  2.42869e-14
3.83168  -3.75523e-13
3.87624  8.74827e-13
3.92079  1.3712e-12
3.96535  7.59826e-13
4.0099  -3.66916e-13
4.05446  -1.27143e-12
4.09901  -1.23323e-13
4.14356  1.40418e-12
4.18812  8.00672e-13
4.23267  -4.49779e-13
4.27723  -8.79881e-13
4.32178  -6.0485e-13
4.36634  2.99637e-13
4.41089  8.45395e-13
4.45545  4.68114e-13
