100
0                     
0.0889792592393099    
0.165477188427544     
0.232611081196206     
0.29184738540555      
0.344193349763969     
0.390440083878859     
0.43124705280156      
0.467180911773017     
0.498736943059943     
0.526352543547478     
0.550416564988634     
0.571276253173183     
0.589242673909504     
0.604595116017985     
0.617584761425814     
0.628437804679972     
0.637358142697642     
0.644529718665107     
0.650118580824956     
0.654274701737715     
0.657133593315377     
0.658817745693794     
0.659437912765952     
0.659094263281746     
0.657877413417998     
0.655869354366905     
0.653144286604203     
0.649769370959107     
0.645805405332842     
0.64130743484163      
0.636325302250492     
0.630904144784123     
0.625084842726754     
0.618904424635766     
0.612396433479859     
0.605591257560312     
0.598516429674423     
0.591196897626115     
0.583655268873935     
0.575912031826173     
0.567985756042347     
0.559893273376243     
0.551649841894947     
0.54326929422824      
0.534764171840985     
0.526145846575782     
0.517424630682356     
0.508609876432402     
0.499710066312507     
0.49073289469217      
0.481685341777684     
0.472573740584852     
0.46340383759328      
0.454180847681591     
0.444909503885662     
0.435594102470233     
0.42623854375752      
0.416846369114224     
0.407420794460142     
0.397964740627056     
0.388480860865384     
0.378971565767831     
0.369439045853745     
0.359885292034801     
0.35031211416172      
0.340721157832842     
0.331113919628257     
0.321491760917721     
0.311855920376561     
0.302207525331125     
0.292547602043808     
0.282877085037351     
0.273196825548652     
0.263507599193857     
0.25381011291877      
0.244105011301636     
0.234392882269061     
0.22467426228008      
0.214949641028218     
0.205219465706707     
0.19548414487775      
0.185744051982899     
0.175999528528123     
0.166250886973966     
0.156498413358383     
0.146742369677194     
0.136982996044812     
0.127220512655724     
0.117455121565322     
0.107687008306907     
0.0979163433601392    
0.0881432834847418    
0.0783679729320145    
0.0685905445454976    
0.0588111207610912    
0.0490298145159594    
0.0392467300746792    
0.0294619637803026    
0.0196756047372843    
0.00988773543257665   
0                     
