1000
0                     
0.00909707988787895   
0.0180469295713874    
0.0268753872298431    
0.0355917033887541    
0.0442009745115336    
0.0527066297937232    
0.061111260156847     
0.0694169735843525    
0.0776255728352576    
0.0857386542140509    
0.0937576668682686    
0.10168395055531      
0.109518760849274     
0.117263286618252     
0.124918662532306     
0.132485978258311     
0.139966285376732     
0.14736060269013      
0.154669920369901     
0.161895203246767     
0.169037393458882     
0.176097412610318     
0.183076163551025     
0.189974531860387     
0.196793387095972     
0.20353358385428      
0.210195962679511     
0.216781350848344     
0.223290563052763     
0.229724401998358     
0.236083658932095     
0.242369114110802     
0.248581537219532     
0.254721687747299     
0.260790315326346     
0.266788160040067     
0.272715952703849     
0.278574415122392     
0.284364260326537     
0.290086192792126     
0.295740908643083     
0.301329095840547     
0.306851434359661     
0.312308596355367     
0.317701246318397     
0.323030041222487     
0.328295630663694     
0.333498656992608     
0.338639755440123     
0.34371955423739      
0.348738674730456     
0.353697731490071     
0.358597332417067     
0.363438078843682     
0.368220565631156     
0.372945381263881     
0.377613107940381     
0.382224321661345     
0.386779592314926     
0.391279483759502     
0.395724553904052     
0.400115354786332     
0.40445243264896      
0.408736328013552     
0.412967575753035     
0.417146705162218     
0.421274240026736     
0.425350698690456     
0.42937659412141      
0.433352433976342     
0.437278720663945     
0.441155951406822     
0.444984618302261     
0.448765208381859     
0.45249820367005      
0.456184081241581     
0.459823313277982     
0.463416367123064     
0.466963705337491     
0.47046578575245      
0.473923061522455     
0.477335981177323     
0.480704988673333     
0.484030523443616     
0.487313020447777     
0.490552910220795     
0.493750618921203     
0.496906568378588     
0.500021176140411     
0.503094855518179     
0.506128015632986     
0.509121061460428     
0.51207439387492      
0.514988409693426     
0.517863501718612     
0.520700058781443     
0.523498465783228     
0.526259103737134     
0.528982349809175     
0.531668577358684     
0.534318155978295     
0.536931451533418     
0.539508826201247     
0.542050638509285     
0.544557243373411     
0.547028992135494     
0.549466232600553     
0.551869309073486     
0.554238562395369     
0.556574329979324     
0.558876945845983     
0.561146740658532     
0.563384041757361     
0.565589173194313     
0.56776245576655      
0.569904207050028     
0.572014741432604     
0.574094370146766     
0.576143401301995     
0.578162139916778     
0.58015088795025      
0.582109944333502     
0.584039605000534     
0.585940162918873     
0.587811908119855     
0.589655127728573     
0.591470105993507     
0.593257124315827     
0.595016461278379     
0.596748392674361     
0.598453191535687     
0.60013112816105      
0.601782470143684     
0.603407482398825     
0.605006427190884     
0.606579564160328     
0.608127150350277     
0.609649440232818     
0.611146685735042     
0.612619136264801     
0.614067038736202     
0.615490637594825     
0.616890174842678     
0.618265890062892     
0.619618020444156     
0.620946800804896     
0.622252463617199     
0.623535239030494     
0.624795354894979     
0.626033036784808     
0.627248508021034     
0.628441989694321     
0.629613700687407     
0.630763857697351     
0.631892675257534     
0.633000365759443     
0.634087139474227     
0.635153204574027     
0.636198767153093     
0.637224031248676     
0.638229198861711     
0.639214469977283     
0.640180042584887     
0.641126112698474     
0.642052874376299     
0.642960519740558     
0.643849238996829     
0.644719220453312     
0.645570650539873     
0.646403713826891     
0.647218593043916     
0.648015469098134     
0.648794521092644     
0.649555926344548     
0.650299860402862     
0.651026497066234     
0.651736008400493     
0.652428564756008     
0.653104334784886     
0.653763485457975     
0.654406182081713     
0.655032588314795     
0.655642866184674     
0.656237176103894     
0.656815676886257     
0.657378525762829     
0.657925878397782     
0.65845788890407      
0.658974709858958     
0.659476492319383     
0.659963385837166     
0.660435538474065     
0.660893096816682     
0.661336205991217     
0.661765009678066     
0.662179650126283     
0.662580268167892     
0.662967003232046     
0.663339993359056     
0.663699375214271     
0.66404528410182      
0.664377853978214     
0.664697217465813     
0.665003505866158     
0.665296849173162     
0.665577376086178     
0.665845214022929     
0.666100489132308     
0.666343326307053     
0.666573849196291     
0.666792180217954     
0.666998440571078     
0.667192750247969     
0.667375228046254     
0.667545991580806     
0.667705157295549     
0.667852840475153     
0.667989155256596     
0.668114214640627     
0.668228130503098     
0.668331013606197     
0.668422973609555     
0.668504119081252     
0.668574557508706     
0.668634395309454     
0.668683737841828     
0.66872268941552      
0.668751353302044     
0.668769831745088     
0.668778225970772     
0.668776636197793     
0.668765161647473     
0.668743900553705     
0.668712950172804     
0.66867240679325      
0.668622365745341     
0.66856292141075      
0.668494167231978     
0.668416195721722     
0.668329098472142     
0.66823296616404      
0.668127888575945     
0.668013954593105     
0.667891252216394     
0.667759868571127     
0.667619889915785     
0.667471401650657     
0.66731448832639      
0.667149233652459     
0.666975720505551     
0.66679403093786      
0.666604246185307     
0.666406446675673     
0.66620071203665      
0.665987121103814     
0.665765751928517     
0.665536681785704     
0.66529998718164      
0.665055743861579     
0.664804026817337     
0.6645449102948       
0.664278467801357     
0.664004772113255     
0.663723895282881     
0.663435908645974     
0.663140882828763     
0.662838887755033     
0.662529992653121     
0.662214266062844     
0.661891775842355     
0.661562589174935     
0.661226772575708     
0.6608843918983       
0.660535512341426     
0.660180198455409     
0.659818514148638     
0.659450522693962     
0.659076286735016     
0.658695868292488     
0.658309328770318     
0.657916728961845     
0.657518129055881     
0.657113588642732     
0.656703166720156     
0.656286921699265     
0.65586491141036      
0.65543719310872      
0.655003823480321     
0.654564858647505     
0.654120354174593     
0.653670365073437     
0.65321494580892      
0.652754150304402     
0.65228803194711      
0.651816643593473     
0.651340037574407     
0.650858265700545     
0.650371379267417     
0.649879429060572     
0.64938246536066      
0.648880537948454     
0.648373696109824     
0.647861988640666     
0.647345463851773     
0.646824169573668     
0.64629815316138      
0.64576746149918      
0.645232141005259     
0.644692237636374     
0.644147796892432     
0.643598863821044     
0.643045483022019     
0.642487698651823     
0.641925554427992     
0.641359093633497     
0.640788359121066     
0.640213393317472     
0.639634238227764     
0.639050935439466     
0.638463526126733     
0.637872051054461     
0.637276550582358     
0.636677064668981     
0.63607363287572      
0.635466294370754     
0.634855087932961     
0.634240051955792     
0.633621224451104     
0.63299864305296      
0.632372345021381     
0.631742367246073     
0.631108746250108     
0.630471518193571     
0.629830718877174     
0.629186383745827     
0.628538547892178     
0.627887246060119     
0.627232512648256     
0.626574381713338     
0.625912886973665     
0.625248061812448     
0.624579939281146     
0.623908552102766     
0.623233932675125     
0.622556113074093     
0.621875125056786     
0.621191000064742     
0.62050376922706      
0.619813463363504     
0.619120112987583     
0.618423748309595     
0.617724399239642     
0.617022095390619     
0.616316866081167     
0.615608740338598     
0.614897746901797     
0.614183914224087     
0.61346727047607      
0.612747843548438     
0.612025661054758     
0.611300750334226     
0.610573138454397     
0.609842852213886     
0.609109918145042     
0.608374362516598     
0.607636211336289     
0.606895490353448     
0.60615222506158      
0.6054064407009       
0.604658162260854     
0.603907414482616     
0.603154221861551     
0.602398608649662     
0.60164059885801      
0.60088021625911      
0.600117484389303     
0.599352426551102     
0.598585065815521     
0.597815425024372     
0.597043526792549     
0.59626939351028      
0.595493047345365     
0.594714510245382     
0.593933803939881     
0.593150949942552     
0.592365969553368     
0.591578883860712     
0.590789713743479     
0.589998479873162     
0.589205202715911     
0.588409902534575     
0.587612599390725     
0.586813313146654     
0.586012063467355     
0.585208869822489     
0.584403751488322     
0.583596727549649     
0.582787816901698     
0.581977038252015     
0.581164410122326     
0.58034995085039      
0.579533678591825     
0.578715611321918     
0.577895766837418     
0.577074162758313     
0.576250816529583     
0.575425745422944     
0.574598966538569     
0.573770496806791     
0.572940352989795     
0.572108551683285     
0.571275109318145     
0.570440042162072     
0.569603366321198     
0.568765097741702     
0.567925252211394     
0.56708384536129      
0.566240892667173     
0.565396409451134     
0.564550410883102     
0.563702911982353     
0.562853927619009     
0.562003472515523     
0.561151561248142     
0.560298208248365     
0.559443427804377     
0.558587234062479     
0.557729641028492     
0.556870662569159     
0.556010312413524     
0.5551486041543       
0.554285551249227     
0.55342116702241      
0.552555464665652     
0.551688457239763     
0.550820157675867     
0.549950578776687     
0.549079733217823     
0.548207633549017     
0.547334292195402     
0.546459721458737     
0.545583933518641     
0.5447069404338       
0.543828754143174     
0.54294938646718      
0.542068849108878     
0.541187153655133     
0.54030431157777      
0.539420334234716     
0.538535232871136     
0.537649018620551     
0.536761702505945     
0.535873295440868     
0.534983808230522     
0.534093251572838     
0.533201636059538     
0.532308972177196     
0.531415270308281     
0.530520540732191     
0.529624793626275     
0.528728039066854     
0.527830287030215     
0.526931547393614     
0.526031829936256     
0.525131144340269     
0.52422950019167      
0.523326906981317     
0.522423374105862     
0.521518910868677     
0.520613526480789     
0.519707230061794     
0.518800030640764     
0.517891937157152     
0.516982958461676     
0.516073103317205     
0.51516238039963      
0.514250798298729     
0.513338365519024     
0.512425090480623     
0.511510981520065     
0.510596046891146     
0.509680294765745     
0.508763733234632     
0.507846370308281     
0.506928213917661     
0.506009271915031     
0.50508955207472      
0.504169062093901     
0.503247809593359     
0.502325802118247     
0.501403047138841     
0.50047955205128      
0.499555324178309     
0.498630370769999     
0.497704699004478     
0.496778315988639     
0.495851228758852     
0.494923444281662     
0.493994969454484     
0.49306581110629      
0.492135975998289     
0.491205470824597     
0.490274302212909     
0.489342476725155     
0.488410000858154     
0.487476881044262     
0.486543123652011     
0.485608734986743     
0.484673721291239     
0.483738088746341     
0.482801843471563     
0.481864991525707     
0.480927538907459     
0.479989491555992     
0.479050855351554     
0.478111636116053     
0.47717183961364      
0.476231471551279     
0.475290537579315     
0.47434904329204      
0.473406994228247     
0.472464395871782     
0.471521253652089     
0.470577572944751     
0.469633359072026     
0.468688617303374     
0.467743352855987     
0.466797570895299     
0.46585127653551      
0.464904474840087     
0.463957170822273     
0.463009369445585     
0.462061075624304     
0.461112294223969     
0.460163030061859     
0.459213287907473     
0.458263072483002     
0.457312388463803     
0.45636124047886      
0.455409633111249     
0.45445757089859      
0.453505058333499     
0.452552099864039     
0.451598699894157     
0.450644862784125     
0.449690592850974     
0.448735894368923     
0.447780771569803     
0.446825228643479     
0.445869269738268     
0.44491289896135      
0.443956120379175     
0.442998938017872     
0.442041355863646     
0.441083377863174     
0.440125007924001     
0.439166249914924     
0.438207107666381     
0.437247584970831     
0.436287685583127     
0.435327413220896     
0.434366771564904     
0.433405764259424     
0.432444394912597     
0.431482667096793     
0.430520584348964     
0.429558150170997     
0.428595368030061     
0.427632241358953     
0.426668773556439     
0.425704967987591     
0.424740827984124     
0.423776356844724     
0.422811557835378     
0.421846434189699     
0.420880989109243     
0.419915225763837     
0.418949147291882     
0.417982756800676     
0.417016057366714     
0.416049052035999     
0.415081743824344     
0.414114135717671     
0.413146230672308     
0.412178031615282     
0.411209541444611     
0.410240763029593     
0.409271699211087     
0.408302352801802     
0.40733272658657      
0.406362823322626     
0.405392645739881     
0.404422196541196     
0.403451478402645     
0.402480493973787     
0.401509245877924     
0.400537736712367     
0.399565969048689     
0.398593945432983     
0.397621668386114     
0.396649140403972     
0.395676363957717     
0.394703341494025     
0.393730075435332     
0.392756568180074     
0.391782822102925     
0.390808839555035     
0.38983462286426      
0.388860174335395     
0.387885496250406     
0.386910590868649     
0.385935460427102     
0.384960107140584     
0.383984533201974     
0.383008740782431     
0.382032732031608     
0.381056509077865     
0.380080074028483     
0.379103428969871     
0.378126575967773     
0.377149517067474     
0.376172254294004     
0.375194789652337     
0.37421712512759      
0.373239262685224     
0.372261204271232     
0.371282951812341     
0.370304507216195     
0.369325872371549     
0.368347049148457     
0.367368039398454     
0.366388844954743     
0.365409467632375     
0.364429909228431     
0.363450171522198     
0.362470256275349     
0.361490165232113     
0.360509900119452     
0.359529462647233     
0.358548854508392     
0.357568077379108     
0.356587132918968     
0.35560602277113      
0.354624748562485     
0.353643311903822     
0.352661714389987     
0.351679957600038     
0.350698043097405     
0.349715972430044     
0.34873374713059      
0.34775136871651      
0.346768838690252     
0.345786158539397     
0.344803329736803     
0.343820353740752     
0.342837231995098     
0.341853965929405     
0.340870556959092     
0.339887006485573     
0.338903315896395     
0.337919486565376     
0.336935519852741     
0.335951417105259     
0.334967179656372     
0.333982808826332     
0.33299830592233      
0.332013672238623     
0.331028909056667     
0.33004401764524      
0.32905899926057      
0.328073855146461     
0.32708858653441      
0.326103194643736     
0.325117680681699     
0.324132045843617     
0.323146291312985     
0.322160418261597     
0.321174427849655     
0.32018832122589      
0.319202099527672     
0.318215763881125     
0.317229315401236     
0.316242755191968     
0.315256084346368     
0.314269303946678     
0.313282415064435     
0.312295418760587     
0.311308316085589     
0.310321108079514     
0.309333795772152     
0.308346380183113     
0.307358862321927     
0.306371243188147     
0.305383523771446     
0.304395705051712     
0.303407787999151     
0.302419773574378     
0.301431662728516     
0.300443456403288     
0.299455155531108     
0.298466761035178     
0.297478273829577     
0.296489694819352     
0.295501024900605     
0.294512264960587     
0.29352341587778      
0.292534478521987     
0.29154545375442      
0.290556342427779     
0.289567145386344     
0.288577863466053     
0.287588497494586     
0.286599048291448     
0.28560951666805      
0.284619903427787     
0.28363020936612      
0.282640435270655     
0.281650581921217     
0.280660650089933     
0.279670640541302     
0.278680554032275     
0.277690391312331     
0.276700153123544     
0.275709840200665     
0.274719453271188     
0.273728993055427     
0.272738460266583     
0.271747855610817     
0.270757179787319     
0.269766433488377     
0.268775617399446     
0.267784732199214     
0.266793778559674     
0.265802757146182     
0.26481166861753      
0.26382051362601      
0.262829292817474     
0.261838006831404     
0.260846656300968     
0.259855241853092     
0.258863764108511     
0.257872223681839     
0.256880621181627     
0.25588895721042      
0.25489723236482      
0.253905447235546     
0.252913602407488     
0.251921698459767     
0.250929735965794     
0.249937715493324     
0.248945637604512     
0.24795350285597      
0.246961311798821     
0.245969064978755     
0.24497676293608      
0.243984406205777     
0.242991995317552     
0.241999530795891     
0.241007013160108     
0.240014442924398     
0.239021820597888     
0.238029146684687     
0.237036421683933     
0.236043646089848     
0.235050820391782     
0.234057945074263     
0.233065020617044     
0.232072047495151     
0.231079026178929     
0.23008595713409      
0.229092840821758     
0.228099677698513     
0.227106468216439     
0.226113212823164     
0.225119911961911     
0.224126566071534     
0.223133175586566     
0.222139740937263     
0.22114626254964      
0.22015274084552      
0.219159176242572     
0.218165569154351     
0.217171919990344     
0.216178229156003     
0.21518449705279      
0.214190724078217     
0.21319691062588      
0.212203057085504     
0.211209163842976     
0.210215231280389     
0.209221259776071     
0.208227249704632     
0.207233201436993     
0.206239115340427     
0.205244991778594     
0.204250831111574     
0.203256633695909     
0.20226239988463      
0.201268130027299     
0.200273824470039     
0.199279483555566     
0.198285107623232     
0.197290697009046     
0.196296252045718     
0.195301773062683     
0.194307260386141     
0.193312714339082     
0.192318135241323     
0.191323523409538     
0.190328879157286     
0.189334202795048     
0.188339494630251     
0.187344754967303     
0.186349984107619     
0.185355182349655     
0.184360349988933     
0.183365487318073     
0.182370594626821     
0.181375672202075     
0.180380720327918     
0.179385739285642     
0.178390729353775     
0.177395690808114     
0.176400623921744     
0.175405528965071     
0.174410406205848     
0.173415255909196     
0.172420078337636     
0.171424873751114     
0.17042964240702      
0.169434384560224     
0.168439100463092     
0.167443790365513     
0.166448454514927     
0.165453093156345     
0.164457706532375     
0.163462294883246     
0.16246685844683      
0.161471397458668     
0.160475912151988     
0.159480402757734     
0.158484869504586     
0.15748931261898      
0.156493732325135     
0.15549812884507      
0.154502502398628     
0.1535068532035       
0.152511181475242     
0.151515487427298     
0.15051977127102      
0.149524033215692     
0.148528273468546     
0.147532492234785     
0.146536689717602     
0.145540866118199     
0.14454502163581      
0.143549156467718     
0.142553270809272     
0.141557364853912     
0.140561438793183     
0.139565492816756     
0.138569527112443     
0.137573541866223     
0.136577537262251     
0.135581513482882     
0.134585470708688     
0.133589409118474     
0.132593328889296     
0.131597230196477     
0.130601113213629     
0.129604978112663     
0.128608825063812     
0.127612654235644     
0.126616465795078     
0.125620259907403     
0.124624036736294     
0.123627796443823     
0.122631539190481     
0.121635265135191     
0.120638974435324     
0.119642667246713     
0.118646343723668     
0.117650004018995     
0.116653648284006     
0.115657276668535     
0.114660889320957     
0.113664486388195     
0.11266806801574      
0.111671634347662     
0.110675185526626     
0.109678721693906     
0.108682242989397     
0.107685749551629     
0.106689241517781     
0.105692719023695     
0.104696182203889     
0.103699631191568     
0.10270306611864      
0.101706487115726     
0.100709894312176     
0.0997132878360763    
0.0987166678142684    
0.0977200343723568    
0.0967233876347224    
0.0957267277245352    
0.0947300547637655    
0.0937333688731958    
0.0927366701724331    
0.0917399587799199    
0.0907432348129457    
0.089746498387659     
0.0887497496190778    
0.0877529886211012    
0.0867562155065203    
0.0857594303870289    
0.084762633373235     
0.0837658245746708    
0.0827690040998036    
0.0817721720560462    
0.0807753285497676    
0.0797784736863029    
0.0787816075699636    
0.077784730304048     
0.0767878419908507    
0.0757909427316729    
0.0747940326268319    
0.0737971117756711    
0.0728001802765693    
0.0718032382269502    
0.0708062857232924    
0.0698093228611378    
0.0688123497351015    
0.0678153664388807    
0.0668183730652639    
0.0658213697061395    
0.064824356452505     
0.0638273333944758    
0.0628303006212936    
0.0618332582213353    
0.0608362062821212    
0.0598391448903238    
0.058842074131776     
0.0578449940914792    
0.0568479048536118    
0.0558508065015371    
0.0548536991178113    
0.0538565827841916    
0.0528594575816439    
0.0518623235903509    
0.0508651808897193    
0.0498680295583879    
0.048870869674235     
0.0478737013143858    
0.0468765245552199    
0.0458793394723788    
0.0448821461407728    
0.0438849446345883    
0.0428877350272954    
0.0418905173916542    
0.0408932917997223    
0.0398960583228616    
0.038898817031745     
0.0379015679963634    
0.0369043112860322    
0.0359070469693981    
0.0349097751144456    
0.0339124957885036    
0.0329152090582516    
0.0319179149897266    
0.0309206136483286    
0.0299233050988279    
0.0289259894053703    
0.0279286666314839    
0.0269313368400849    
0.0259340000934838    
0.024936656453391     
0.0239393059809231    
0.0229419487366085    
0.0219445847803932    
0.0209472141716467    
0.0199498369691673    
0.0189524532311883    
0.0179550630153828    
0.01695766637887      
0.0159602633782198    
0.0149628540694591    
0.0139654385080763    
0.0129680167490272    
0.0119705888467399    
0.0109731548551201    
0.00997571482755618   
0.00897826881692431   
0.00798081687559351   
0.00698335905543059   
0.00598589540780507   
0.00498842598359409   
0.00399095083318724   
0.00299347000649132   
0.00199598355293511   
0.000998491521474054  
0                     
