1000
0                     0                     0                     
0.0089412455874427    0.00894131994927261   0.000999000999000999  
0.0177836829177673    0.0177838308196665    0.001998001998002     
0.0265282941722804    0.026528514800657     0.002997002997003     
0.0351760517691359    0.035176344318485     0.003996003996004     
0.0437279184603831    0.0437282821332072    0.004995004995005     
0.0521848474280507    0.0521852814347793    0.00599400599400599   
0.0605477823792754    0.0605482859381866    0.00699300699300699   
0.0688176576404847    0.0688182299776272    0.00799200799200799   
0.0769953982506441    0.0769960385997599    0.00899100899100899   
0.0850819200535767    0.0850826276560245    0.00999000999000999   
0.0930781297893657    0.0930789038940455    0.010989010989011     
0.100984925184848     0.100985765048126     0.011988011988012     
0.108803195043208     0.108804099928842     0.012987012987013     
0.116533819332682     0.116534788511748     0.013986013986014     
0.124177669274379     0.1241787020252       0.014985014985015     
0.131735607429231     0.131736703037302     0.015984015984016     
0.139208487784076     0.139209645541995     0.016983016983017     
0.146597155836887     0.146598375044284     0.017982017982018     
0.153902448681154     0.153903728644622     0.018981018981019     
0.161125195089429     0.161126535122451     0.01998001998002      
0.168266215596034     0.168267615018919     0.020979020979021     
0.175326322578955     0.175327780718769     0.021978021978022     
0.182306320340917     0.182307836531413     0.022977022977023     
0.189207005189654     0.189208578771208     0.023976023976024     
0.19602916551738      0.196030795836928     0.024975024975025     
0.202773581879477     0.202775268290442     0.025974025974026     
0.209441027072388     0.209442768934623     0.026973026973027     
0.216032266210748     0.216034062890469     0.027972027972028     
0.22254805680374      0.222549907673462     0.028971028971029     
0.228989148830699     0.228991053269176     0.02997002997003      
0.235356284815958     0.235358242208117     0.030969030969031     
0.241650199902953     0.241652209639837     0.031968031968032     
0.247871621927591     0.247873683406296     0.032967032967033     
0.254021271490892     0.254023384114507     0.033966033966034     
0.260099862030901     0.260102025208447     0.034965034965035     
0.266108099893894     0.266110313040267     0.035964035964036     
0.272046684404867     0.272048946940781     0.036963036963037     
0.277916307937337     0.277918619289262     0.037962037962038     
0.283717655982435     0.283720015582543     0.038961038961039     
0.289451407217322     0.28945381450343      0.03996003996004      
0.29511823357292      0.295120687988432     0.040959040959041     
0.300718800300974     0.300721301294827     0.041958041958042     
0.306253766040442     0.306256313067052     0.042957042957043     
0.31172378288323      0.311726375402435     0.043956043956044     
0.317129496439271     0.317132133916277     0.044955044955045     
0.322471545900956     0.322474227806288     0.045954045954046     
0.327750564106928     0.327753289916373     0.046953046953047     
0.332967177605241     0.332969946799797     0.047952047952048     
0.338122006715887     0.33812481878171      0.048951048951049     
0.343215665592707     0.34321852002106      0.04995004995005      
0.348248762284683     0.348251658571889     0.050949050949051     
0.353221898796623     0.353224836444009     0.051948051948052     
0.358135671149241     0.358138649663093     0.0529470529470529    
0.362990669438642     0.362993688330151     0.0539460539460539    
0.367787477895211     0.367790536680429     0.0549450549450549    
0.372526674941923     0.372529773141713     0.0559440559440559    
0.37720883325207      0.377211970392057     0.0569430569430569    
0.381834519806413     0.381837695416936     0.0579420579420579    
0.386404295949768     0.386407509565836     0.0589410589410589    
0.390918717447028     0.390921968608273     0.0599400599400599    
0.395378334538631     0.39538162278926      0.0609390609390609    
0.399783691995473     0.399787016884223     0.0619380619380619    
0.404135329173278     0.404138690253373     0.0629370629370629    
0.408433780066423     0.408437176895528     0.0639360639360639    
0.412679573361236     0.412683005501412     0.0649350649350649    
0.416873232488758     0.416876699506419     0.0659340659340659    
0.421015275676977     0.42101877714285      0.0669330669330669    
0.425106216002557     0.425109751491632     0.0679320679320679    
0.429146561442035     0.429150130533529     0.0689310689310689    
0.433136814922523     0.433140417199835     0.0699300699300699    
0.437077474371898     0.437081109422568     0.0709290709290709    
0.440969032768497     0.440972700184167     0.0719280719280719    
0.444811978190317     0.444815677566685     0.0729270729270729    
0.448606793863725     0.44861052480051      0.0739260739260739    
0.452353958211684     0.452357720312582     0.0749250749250749    
0.456053944901501     0.45605773777415      0.0759240759240759    
0.4597072228921       0.459711046148037     0.0769230769230769    
0.463314256480824     0.463318109735448     0.0779220779220779    
0.466875505349773     0.466879388222303     0.0789210789210789    
0.470391424611679     0.470395336725123     0.0799200799200799    
0.473862464855328     0.473866405836439     0.0809190809190809    
0.47728907219053      0.477293041669773     0.0819180819180819    
0.480671688292641     0.480675685904152     0.0829170829170829    
0.484010750446642     0.484014775828195     0.0839160839160839    
0.487306691590779     0.48731074438375      0.0849150849150849    
0.490559940359774     0.490564020209102     0.0859140859140859    
0.493770921127603     0.493775027681757     0.0869130869130869    
0.496940054049846     0.496944186960789     0.0879120879120879    
0.500067755105621     0.500071914028775     0.0889110889110889    
0.503154436139098     0.503158620733312     0.0899100899100899    
0.506200504900605     0.506204714828118     0.0909090909090909    
0.509206365087318     0.509210600013726     0.0919080919080919    
0.51217241638355      0.512176675977774     0.0929070929070929    
0.515099054500644     0.515103338434896     0.0939060939060939    
0.517986671216464     0.517990979166213     0.0949050949050949    
0.520835654414491     0.520839986058434     0.0959040959040959    
0.52364638812254      0.523650743142566     0.0969030969030969    
0.526419252551083     0.526423630632244     0.0979020979020979    
0.529154624131194     0.529159024961672     0.0989010989010989    
0.531852875552119     0.531857298823197     0.0999000999000999    
0.534514375798472     0.5345188212045       0.100899100899101     
0.537139490187055     0.537143957425422     0.101898101898102     
0.539728580403322     0.539733069174426     0.102897102897103     
0.542282004537475     0.54228651454469      0.103896103896104     
0.544800117120198     0.544804648069849     0.104895104895105     
0.547283269158046     0.547287820759375     0.105894105894106     
0.549731808168468     0.549736380133609     0.106893106893107     
0.552146078214496     0.552150670258443     0.107892107892108     
0.554526419939082     0.554531031779663     0.108891108891109     
0.55687317059909      0.556877801956937     0.10989010989011      
0.559186664098959     0.559191314697483     0.110889110889111     
0.561467231024028     0.561471900589386     0.111888111888112     
0.563715198673523     0.563719886934598     0.112887112887113     
0.565930891093229     0.565935597781595     0.113886113886114     
0.568114629107825     0.568119353957726     0.114885114885115     
0.570266730352902     0.570271473101226     0.115884115884116     
0.57238750930667      0.572392269692917     0.116883116883117     
0.574477277321337     0.574482055087597     0.117882117882118     
0.576536342654182     0.576541137545111     0.118881118881119     
0.578565010498326     0.578569822261115     0.11988011988012      
0.580563583013183     0.580568411397539     0.120879120879121     
0.58253235935462      0.582537204112736     0.121878121878122     
0.584471635704813     0.584476496591345     0.122877122877123     
0.586381705301805     0.58638658207385      0.123876123876124     
0.588262858468771     0.588267750885839     0.124875124875125     
0.590115382642996     0.590120290466987     0.125874125874126     
0.591939562404557     0.591944485399738     0.126873126873127     
0.593735679504727     0.593740617437711     0.127872127872128     
0.595504012894095     0.595508965533811     0.128871128871129     
0.597244838750404     0.597249805868079     0.12987012987013      
0.598958430506112     0.598963411875249     0.130869130869131     
0.600645058875685     0.600650054272037     0.131868131868132     
0.602304991882613     0.602310001084161     0.132867132867133     
0.603938494886156     0.60394351767309      0.133866133866134     
0.605545830607833     0.605550866762527     0.134865134865135     
0.607127259157637     0.607132308464628     0.135864135864136     
0.608683038059997     0.608688100305964     0.136863136863137     
0.610213422279475     0.610218497253219     0.137862137862138     
0.61171866424622      0.611723751738638     0.138861138861139     
0.613199013881153     0.613204113685223     0.13986013986014      
0.614654718620911     0.614659830531669     0.140859140859141     
0.616086023442544     0.616091147257063     0.141858141858142     
0.617493170887965     0.617498306405333     0.142857142857143     
0.618876401088148     0.618881548109454     0.143856143856144     
0.620235951787104     0.620241110115412     0.144855144855145     
0.621572058365601     0.621577227805932     0.145854145854146     
0.622884953864657     0.622890134223972     0.146853146853147     
0.624174869008799     0.624180060095975     0.147852147852148     
0.625442032229087     0.625447233854905     0.148851148851149     
0.626686669685916     0.626691881663034     0.14985014985015      
0.627909005291581     0.627914227434522     0.150849150849151     
0.62910926073263      0.629114492857758     0.151848151848152     
0.630287655491985     0.630292897417491     0.152847152847153     
0.631444406870844     0.631449658416728     0.153846153846154     
0.632579730010377     0.632584990998424     0.154845154845155     
0.633693837913187     0.633699108166957     0.155844155844156     
0.634786941464573     0.634792220809379     0.156843156843157     
0.635859249453579     0.63586453771647      0.157842157842158     
0.636910968593824     0.636916265603568     0.158841158841159     
0.63794230354414      0.637947609131208     0.15984015984016      
0.638953456928993     0.63895877092554      0.160839160839161     
0.639944629358704     0.639949951598554     0.161838161838162     
0.640916019449476     0.640921349768105     0.162837162837163     
0.641867823843208     0.641873162077727     0.163836163836164     
0.642800237227127     0.642805583216267     0.164835164835165     
0.643713452353215     0.643718805937308     0.165834165834166     
0.644607660057445     0.644613021078413     0.166833166833167     
0.645483049278828     0.645488417580164     0.167832167832168     
0.646339807078272     0.646345182505022     0.168831168831169     
0.647178118657244     0.647183501055996     0.16983016983017      
0.64799816737626      0.648003556595127     0.170829170829171     
0.64880013477318      0.648805530661786     0.171828171828172     
0.64958420058133      0.649589602990791     0.172827172827173     
0.650350542747435     0.650355951530349     0.173826173826174     
0.651099337449382     0.651104752459812     0.174825174825175     
0.651830759113801     0.651836180207259     0.175824175824176     
0.652544980433472     0.652550407466909     0.176823176823177     
0.653242172384562     0.653247605216349     0.177822177822178     
0.653922504243689     0.653927942733606     0.178821178821179     
0.654586143604813     0.654591587614032     0.17982017982018      
0.655233256395965     0.65523870578704      0.180819180819181     
0.655864006895804     0.655869461532654     0.181818181818182     
0.656478557750016     0.656484017497914     0.182817182817183     
0.657077069987543     0.657082534713099     0.183816183816184     
0.657659703036655     0.657665172607806     0.184815184815185     
0.65822661474086      0.658232089026857     0.185814185814186     
0.65877796137466      0.658783440246053     0.186813186813187     
0.659313897659145     0.65931938098777      0.187812187812188     
0.659834576777434     0.6598400644364       0.188811188811189     
0.660340150389962     0.660345642253643     0.18981018981019      
0.660830768649621     0.660836264593637     0.190809190809191     
0.66130658021674      0.661312080117947     0.191808191808192     
0.661767732273923     0.661773236010402     0.192807192807193     
0.662214370540739     0.662219877991784     0.193806193806194     
0.662646639288264     0.662652150334367     0.194805194805195     
0.66306468135348      0.663070195876322     0.195804195804196     
0.66346863815353      0.663474156035967     0.196803196803197     
0.663858649699831     0.663864170825886     0.197802197802198     
0.66423485461205      0.664240378866895     0.198801198801199     
0.664597390131933     0.664602917401885     0.1998001998002       
0.664946392137008     0.664951922309512     0.200799200799201     
0.665281995154142     0.665287528117763     0.201798201798202     
0.665604332372967     0.665609868017377     0.202797202797203     
0.665913535659176     0.665919073875142     0.203796203796204     
0.666209735567677     0.666215276247055     0.204795204795205     
0.666493061355628     0.666498604391348     0.205794205794206     
0.666763640995337     0.666769186281392     0.206793206793207     
0.667021601187028     0.667027148618466     0.207792207792208     
0.667267067371494     0.667272616844406     0.208791208791209     
0.66750016374261      0.667505715154119     0.20979020979021      
0.667721013259729     0.667726566507982     0.210789210789211     
0.667929737659954     0.66793529264411      0.211788211788212     
0.668126457470291     0.66813201409051      0.212787212787213     
0.668311292019669     0.668316850177107     0.213786213786214     
0.66848435945086      0.668489919047651     0.214785214785215     
0.66864577673226      0.668651337671514     0.215784215784216     
0.66879565966957      0.668801221855359     0.216783216783217     
0.668934122917348     0.668939686254697     0.217782217782218     
0.669061279990455     0.669066844385335     0.218781218781219     
0.669177243275384     0.669182808634698     0.21978021978022      
0.669282124041474     0.669287690273053     0.220779220779221     
0.669376032452017     0.669381599464606     0.221778221778222     
0.66945907757525      0.669464645278502     0.222777222777223     
0.669531367395244     0.669536935699711     0.223776223776224     
0.669593008822676     0.669598577639798     0.224775224775225     
0.669644107705503     0.669649676947601     0.225774225774226     
0.669684768839525     0.66969033841979      0.226773226773227     
0.66971509597884      0.669720665811329     0.227772227772228     
0.669735191846205     0.669740761845826     0.228771228771229     
0.669745158143282     0.66975072822579      0.22977022977023      
0.669745095560791     0.669750665642779     0.230769230769231     
0.669735103788559     0.669740673787449     0.231768231768232     
0.669715281525469     0.669720851359504     0.232767232767233     
0.669685726489308     0.669691296077543     0.233766233766234     
0.669646535426525     0.669652104688819     0.234765234765235     
0.669597804121878     0.669603372978888     0.235764235764236     
0.669539627408001     0.669545195781173     0.236763236763237     
0.669472099174866     0.669477666986425     0.237762237762238     
0.66939531237915      0.669400879552096     0.238761238761239     
0.669309359053518     0.669314925511614     0.23976023976024      
0.669214330315802     0.669219895983572     0.240759240759241     
0.669110316378101     0.669115881180817     0.241758241758242     
0.668997406555778     0.669002970419455     0.242757242757243     
0.668875689276378     0.668881252127768     0.243756243756244     
0.668745252088452     0.668750813855033     0.244755244755245     
0.668606181670294     0.668611742280265     0.245754245754246     
0.668458563838591     0.668464123220867     0.246753246753247     
0.66830248355699      0.66830804164119      0.247752247752248     
0.668138024944574     0.668143581661019     0.248751248751249     
0.667965271284262     0.667970826563963     0.24975024975025      
0.667784305031115     0.667789858805771     0.250749250749251     
0.667595207820569     0.667600760022558     0.251748251748252     
0.667398060476582     0.667403611038953     0.252747252747253     
0.667192943019699     0.667198491876166     0.253746253746254     
0.666979934675039     0.666985481759975     0.254745254745255     
0.6667591138802       0.666764659128632     0.255744255744256     
0.66653055829309      0.666536101640691     0.256743256743257     
0.666294344799677     0.666299886182757     0.257742257742258     
0.66605054952166      0.666056088877163     0.258741258741259     
0.665799247824066     0.665804785089564     0.25974025974026      
0.665540514322775     0.66554604943646      0.260739260739261     
0.665274422891965     0.665279955792643     0.261738261738262     
0.665001046671482     0.665006577298567     0.262737262737263     
0.664720458074143     0.664725986367652     0.263736263736264     
0.664432728792963     0.664438254693508     0.264735264735265     
0.664137929808306     0.664143453257091     0.265734265734266     
0.663836131394973     0.663841652333786     0.266733266733267     
0.663527403129214     0.663532921500421     0.267732267732268     
0.663211813895672     0.663217329642213     0.268731268731269     
0.662889431894258     0.662894944959639     0.26973026973027      
0.662560324646957     0.662565834975246     0.270729270729271     
0.662224559004566     0.662230066540386     0.271728271728272     
0.661882201153366     0.661887705841893     0.272727272727273     
0.661533316621732     0.661538818408684     0.273726273726274     
0.661177970286664     0.661183469118301     0.274725274725275     
0.66081622638027      0.660821722203385     0.275724275724276     
0.660448148496172     0.660453641258087     0.276723276723277     
0.660073799595854     0.660079289244415     0.277722277722278     
0.659693242014945     0.659698728498516     0.278721278721279     
0.659306537469442     0.6593120207369       0.27972027972028      
0.658913747061867     0.658919227062597     0.280719280719281     
0.658514931287365     0.658520407971257     0.281718281718282     
0.658110150039745     0.658115623357185     0.282717282717283     
0.657699462617453     0.657704932519321     0.283716283716284     
0.657282927729494     0.657288394167159     0.284715284715285     
0.656860603501287     0.656866066426601     0.285714285714286     
0.656432547480471     0.656438006845763     0.286713286713287     
0.655998816642643     0.656004272400718     0.287712287712288     
0.655559467397049     0.655564919501179     0.288711288711289     
0.65511455559221      0.655120003996134     0.28971028971029      
0.654664136521497     0.654669581179413     0.290709290709291     
0.654208264928653     0.654213705795212     0.291708291708292     
0.653746995013248     0.653752432043555     0.292707292707293     
0.653280380436097     0.653285813585703     0.293706293706294     
0.652808474324612     0.652813903549507     0.294705294705295     
0.652331329278101     0.652336754534715     0.295704295704296     
0.651848997373022     0.651854418618217     0.296703296703297     
0.651361530168179     0.651366947359247     0.297702297702298     
0.650868978709867     0.650874391804524     0.298701298701299     
0.650371393536967     0.650376802493348     0.2997002997003       
0.649868824685989     0.649874229462647     0.300699300699301     
0.649361321696067     0.649366722251965     0.301698301698302     
0.648848933613901     0.648854329908411     0.302697302697303     
0.648331708998654     0.648337100991553     0.303696303696304     
0.647809695926799     0.647815083578263     0.304695304695305     
0.647282941996914     0.647288325267513     0.305694305694306     
0.646751494334433     0.646756873185133     0.306693306693307     
0.646215399596354     0.646220773988504     0.307692307692308     
0.645674703975887     0.645680073871224     0.308691308691309     
0.645129453207072     0.645134818567712     0.30969030969031      
0.644579692569338     0.644585053357774     0.310689310689311     
0.644025466892027     0.644030823071124     0.311688311688312     
0.643466820558861     0.643472172091853     0.312687312687313     
0.642903797512378     0.642909144362866     0.313686313686314     
0.642336441258314     0.64234178339026      0.314685314685315     
0.641764794869948     0.641770132247672     0.315684315684316     
0.641188900992396     0.641194233580573     0.316683316683317     
0.640608801846872     0.640614129610527     0.317682317682318     
0.640024539234898     0.640029862139405     0.318681318681319     
0.639436154542478     0.639441472553556     0.31968031968032      
0.638843688744228     0.638849001827934     0.320679320679321     
0.638247182407464     0.638252490530195     0.321678321678322     
0.637646675696254     0.637651978824739     0.322677322677323     
0.63704220837542      0.63704750647672      0.323676323676324     
0.636433819814515     0.636439112856019     0.324675324675325     
0.635821548991745     0.635826836941165     0.325674325674326     
0.635205434497864     0.635210717323232     0.326673326673327     
0.634585514540021     0.63459079220969      0.327672327672328     
0.633961826945576     0.633967099428211     0.328671328671329     
0.633334409165878     0.633339676430455     0.32967032967033      
0.632703298279993     0.632708560295799     0.330669330669331     
0.632068530998417     0.632073787735042     0.331668331668332     
0.631430143666729     0.631435395094066     0.332667332667333     
0.630788172269226     0.630793418357467     0.333666333666334     
0.630142652432509     0.630147893152143     0.334665334665335     
0.629493619429042     0.629498854750852     0.335664335664336     
0.628841108180671     0.628846338075729     0.336663336663337     
0.628185153262109     0.628190377701774     0.337662337662338     
0.627525788904386     0.627531007860303     0.338661338661339     
0.626863048998268     0.626868262442364     0.33966033966034      
0.626196967097635     0.626202175002116     0.340659340659341     
0.625527576422835     0.625532778760181     0.341658341658342     
0.624854909863994     0.624860106606962     0.342657342657343     
0.624178999984302     0.624184191105918     0.343656343656344     
0.623499879023263     0.623505064496822     0.344655344655345     
0.622817578899911     0.622822758698971     0.345654345654346     
0.622132131215994     0.622137305314378     0.346653346653347     
0.621443567259132     0.621448735630924     0.347652347652348     
0.620751918005937     0.620757080625477     0.348651348651349     
0.620057214125106     0.620062370966989     0.34965034965035      
0.619359485980477     0.619364637019552     0.350649350649351     
0.618658763634068     0.618663908845432     0.351648351648352     
0.617955076849069     0.617960216208068     0.352647352647353     
0.617248455092816     0.617253588575041     0.353646353646354     
0.616538927539733     0.616544055121017     0.354645354645355     
0.615826523074241     0.615831644730657     0.355644355644356     
0.615111270293641     0.615116386001502     0.356643356643357     
0.614393197510972     0.614398307246824     0.357642357642358     
0.613672332757832     0.613677436498454     0.358641358641359     
0.612948703787175     0.612953801509578     0.35964035964036      
0.612222338076086     0.61222742975751      0.360639360639361     
0.611493262828519     0.61149834844643      0.361638361638362     
0.610761504978013     0.6107665845101       0.362637362637363     
0.610027091190381     0.610032164614556     0.363636363636364     
0.60929004786637      0.609295115160763     0.364635364635365     
0.608550401144297     0.608555462287256     0.365634365634366     
0.607808176902654     0.607813231872743     0.366633366633367     
0.607063400762698     0.607068449538694     0.367632367632368     
0.606316098091001     0.60632114065189      0.368631368631369     
0.605566294001984     0.605571330326964     0.36963036963037      
0.604814013360426     0.604819043428899     0.370629370629371     
0.60405928078394      0.604064304575515     0.371628371628372     
0.603302120645436     0.603307138139923     0.372627372627373     
0.602542557075549     0.60254756825296      0.373626373626374     
0.60178061396505      0.601785618805594     0.374625374625375     
0.601016314967228     0.601021313451312     0.375624375624376     
0.600249683500252     0.600254675608478     0.376623376623377     
0.599480742749509     0.599485728462671     0.377622377622378     
0.598709515669915     0.598714494968999     0.378621378621379     
0.59793602498821      0.597940997854389     0.37962037962038      
0.597160293205222     0.597165259619859     0.380619380619381     
0.596382342598115     0.596387302542756     0.381618381618382     
0.595602195222614     0.595607148678989     0.382617382617383     
0.594819872915201     0.594824819865221     0.383616383616384     
0.594035397295298     0.594040337721055     0.384615384615385     
0.593248789767426     0.59325372365119      0.385614385614386     
0.592460071523337     0.592464998847553     0.386613386613387     
0.591669263544132     0.591674184291421     0.387612387612388     
0.590876386602354     0.590881300755508     0.388611388611389     
0.590081461264061     0.590086368806045     0.38961038961039      
0.589284507890879     0.589289408804826     0.390609390609391     
0.588485546642033     0.588490440911245     0.391608391608392     
0.587684597476362     0.587689485084306     0.392607392607393     
0.586881680154306     0.586886561084613     0.393606393606394     
0.586076814239883     0.586081688476346     0.394605394605395     
0.585270019102637     0.585274886629211     0.395604395604396     
0.584461313919574     0.584466174720376     0.396603396603397     
0.583650717677078     0.583655571736378     0.397602397602398     
0.582838249172798     0.582843096475027     0.398601398601399     
0.582023927017535     0.582028767547276     0.3996003996004       
0.581207769637089     0.581212603379079     0.400599400599401     
0.580389795274104     0.580394622213232     0.401598401598402     
0.579570021989888     0.579574842111192     0.402597402597403     
0.578748467666214     0.578753280954881     0.403596403596404     
0.577925150007104     0.57792995644847      0.404595404595405     
0.577100086540598     0.577104886120144     0.405594405594406     
0.576273294620504     0.576278087323854     0.406593406593407     
0.575444791428127     0.575449577241049     0.407592407592408     
0.574614593973983     0.574619372882387     0.408591408591409     
0.573782719099503     0.573787491089438     0.40959040959041      
0.572949183478707     0.572953948536361     0.410589410589411     
0.572114003619871     0.572118761731569     0.411588411588412     
0.571277195867174     0.571281947019377     0.412587412587413     
0.57043877640233      0.570443520581635     0.413586413586414     
0.569598761246201     0.569603498439336     0.414585414585415     
0.568757166260399     0.568761896454225     0.415584415584416     
0.567914007148866     0.567918730330376     0.416583416583417     
0.567069299459444     0.567074015615757     0.417582417582418     
0.566223058585422     0.566227767703788     0.418581418581419     
0.565375299767079     0.565380001834873     0.41958041958042      
0.564526038093199     0.564530733097922     0.420579420579421     
0.56367528850258      0.563679976431859     0.421578421578422     
0.562823065785526     0.562827746627108     0.422577422577423     
0.561969384585318     0.561974058327073     0.423576423576424     
0.561114259399681     0.561118926029601     0.424575424575425     
0.560257704582229     0.560262364088423     0.425574425574426     
0.559399734343895     0.559404386714592     0.426573426573427     
0.558540362754354     0.558545007977899     0.427572427572428     
0.557679603743422     0.557684241808276     0.428571428571429     
0.55681747110245      0.55682210199719      0.42957042957043      
0.5559539784857       0.555958602199014     0.430569430569431     
0.555089139411705     0.555093755932397     0.431568431568432     
0.554222967264623     0.554227576581604     0.432567432567433     
0.553355475295565     0.55336007739786      0.433566433566434     
0.552486676623928     0.552491271500668     0.434565434565435     
0.551616584238694     0.55162117187912      0.435564435564436     
0.550745210999733     0.550749791393193     0.436563436563437     
0.549872569639084     0.549877142775032     0.437562437562438     
0.548998672762227     0.54900323863022      0.438561438561439     
0.548123532849338     0.548128091439038     0.43956043956044      
0.547247162256538     0.547251713557711     0.440559440559441     
0.546369573217125     0.546374117219636     0.441558441558442     
0.545490777842793     0.545495314536611     0.442557442557443     
0.544610788124845     0.544615317500036     0.443556443556444     
0.543729615935385     0.543734137982114     0.444555444555445     
0.542847273028506     0.542851787737037     0.445554445554446     
0.541963771041461     0.541968278402155     0.446553446553447     
0.541079121495827     0.541083621499139     0.447552447552448     
0.540193335798652     0.540197828435134     0.448551448551449     
0.539306425243596     0.539310910503893     0.44955044955045      
0.538418401012057     0.538422878886905     0.450549450549451     
0.537529274174284     0.537533744654515     0.451548451548452     
0.536639055690489     0.536643518767023     0.452547452547453     
0.535747756411933     0.535752212075782     0.453546453546454     
0.534855387082015     0.534859835324279     0.454545454545455     
0.533961958337339     0.533966399149208     0.455544455544456     
0.53306748070878      0.533071914081531     0.456543456543457     
0.532171964622534     0.532176390547529     0.457542457542458     
0.531275420401156     0.531279838869845     0.458541458541459     
0.530377858264592     0.53038226926851      0.45954045954046      
0.5294792883312       0.529483691861964     0.460539460539461     
0.528579720618758     0.528584116668071     0.461538461538462     
0.527679165045465     0.527683553605111     0.462537462537463     
0.52677763143093      0.526782012492774     0.463536463536464     
0.525875129497152     0.525879503053142     0.464535464535465     
0.524971668869492     0.524976034911654     0.465534465534466     
0.524067259077631     0.524071617598072     0.466533466533467     
0.523161909556523     0.523166260547426     0.467532467532468     
0.522255629647335     0.522259973100963     0.468531468531469     
0.521348428598381     0.521352764507074     0.46953046953047      
0.520440315566045     0.520444643922217     0.470529470529471     
0.519531299615692     0.519535620411835     0.471528471528472     
0.518621389722577     0.518625702951255     0.472527472527473     
0.517710594772738     0.51771490042659      0.473526473526474     
0.51679892356388      0.51680322163562      0.474525474525474     
0.515886384806262     0.515890675288673     0.475524475524476     
0.514972987123556     0.514977270009496     0.476523476523477     
0.514058739053716     0.514063014336111     0.477522477522478     
0.513143649049822     0.513147916721672     0.478521478521479     
0.512227725480932     0.512231985535303     0.479520479520479     
0.511310976632912     0.51131522906294      0.480519480519481     
0.510393410709263     0.510397655508153     0.481518481518482     
0.509475035831942     0.509479272992967     0.482517482517482     
0.508555860042173     0.508560089558671     0.483516483516484     
0.507635891301244     0.507640113166622     0.484515484515485     
0.50671513749131      0.506719351699037     0.485514485514486     
0.505793606416173     0.505797812959785     0.486513486513487     
0.504871305802063     0.50487550467516      0.487512487512487     
0.50394824329841      0.503952434494655     0.488511488511489     
0.503024426478605     0.503028609991726     0.48951048951049      
0.502099862840758     0.502104038664543     0.49050949050949      
0.501174559808448     0.501178727936748     0.491508491508492     
0.500248524731459     0.500252685158186     0.492507492507492     
0.499321764886517     0.499325917605642     0.493506493506494     
0.498394287478015     0.49839843248357      0.494505494505495     
0.497466099638732     0.49747023692481      0.495504495504495     
0.496537208430546     0.496541337991297     0.496503496503497     
0.495607620845138     0.49561174267477      0.497502497502497     
0.49467734380469      0.494681457897468     0.498501498501498     
0.493746384162574     0.493750490512822     0.4995004995005       
0.492814748704039     0.492818847306137     0.500499500499501     
0.491882444146887     0.49188653499527      0.501498501498502     
0.490949477142143     0.490953560231301     0.502497502497502     
0.490015854274717     0.490019929599196     0.503496503496504     
0.489081582064067     0.489085649618465     0.504495504495505     
0.488146666964841     0.488150726743813     0.505494505494505     
0.487211115367531     0.487215167365783     0.506493506493506     
0.486274933599102     0.486278977811393     0.507492507492508     
0.485338127923629     0.48534216434477      0.508491508491508     
0.48440070454292      0.484404733167773     0.509490509490509     
0.483462669597136     0.483466690420615     0.510489510489511     
0.4825240291654       0.482528042182471     0.511488511488511     
0.481584789266412     0.481588794472088     0.512487512487512     
0.48064495585904      0.480648953248385     0.513486513486514     
0.479704534842922     0.479708524411049     0.514485514485514     
0.47876353205905      0.47876751380112      0.515484515484515     
0.477821953290356     0.47782592720158      0.516483516483517     
0.476879804262288     0.476883770337923     0.517482517482518     
0.475937090643381     0.475941048878731     0.518481518481518     
0.474993818045824     0.474997768436241     0.519480519480519     
0.474049992026019     0.474053934566899     0.520479520479521     
0.473105618085135     0.473109552771922     0.521478521478521     
0.472160701669659     0.472164628497842     0.522477522477522     
0.471215248171938     0.471219167137049     0.523476523476524     
0.470269262930717     0.470273174028334     0.524475524475524     
0.469322751231674     0.469326654457419     0.525474525474525     
0.468375718307944     0.468379613657481     0.526473526473527     
0.467428169340643     0.467432056809682     0.527472527472527     
0.466480109459389     0.466483989043679     0.528471528471528     
0.465531543742805     0.465535415438141     0.529470529470529     
0.464582477219035     0.464586341021251     0.53046953046953      
0.46363291486624      0.463636770771212     0.531468531468531     
0.462682861613097     0.462686709616742     0.532467532467532     
0.461732322339291     0.461736162437568     0.533466533466533     
0.460781301876001     0.460785134064908     0.534465534465534     
0.459829805006384     0.459833629281958     0.535464535464535     
0.458877836466049     0.458881652824367     0.536463536463537     
0.457925400943533     0.457929209380713     0.537462537462537     
0.456972503080769     0.456976303592964     0.538461538461538     
0.456019147473545     0.456022940056949     0.53946053946054      
0.455065338671968     0.455069123322811     0.54045954045954      
0.454111081180914     0.454114857895466     0.541458541458541     
0.453156379460481     0.453160148235046     0.542457542457542     
0.452201237926431     0.452204998757351     0.543456543456543     
0.451245660950632     0.451249413834286     0.544455544455544     
0.450289652861495     0.450293397794298     0.545454545454545     
0.449333217944406     0.449336954922808     0.546453546453546     
0.448376360442153     0.448380089462639     0.547452547452547     
0.447419084555348     0.447422805614438     0.548451548451548     
0.446461394442849     0.446465107537099     0.549450549450549     
0.445503294222173     0.445506999348172     0.55044955044955      
0.44454478796991      0.444548485124281     0.551448551448551     
0.443585879722124     0.443589568901524     0.552447552447552     
0.442626573474762     0.442630254675881     0.553446553446553     
0.441666873184049     0.44167054640361      0.554445554445554     
0.440706782766886     0.440710448001644     0.555444555444555     
0.439746306101236     0.439749963347978     0.556443556443556     
0.438785447026516     0.438789096282063     0.557442557442557     
0.437824209343978     0.43782785060518      0.558441558441558     
0.436862596817087     0.436866230080827     0.559440559440559     
0.435900613171899     0.435904238435091     0.56043956043956      
0.434938262097433     0.434941879357021     0.561438561438561     
0.433975547246038     0.433979156498996     0.562437562437562     
0.433012472233755     0.433016073477088     0.563436563436563     
0.432049040640684     0.432052633871427     0.564435564435564     
0.431085256011336     0.431088841226552     0.565434565434565     
0.430121121854989     0.43012469905177      0.566433566433566     
0.429156641646036     0.429160210821507     0.567432567432567     
0.428191818824338     0.428195379975647     0.568431568431568     
0.427226656795558     0.427230209919885     0.569430569430569     
0.426261158931509     0.426264704026061     0.57042957042957      
0.425295328570485     0.425298865632497     0.571428571428571     
0.424329169017599     0.424332698044332     0.572427572427572     
0.423362683545108     0.423366204533852     0.573426573426573     
0.422395875392743     0.422399388340815     0.574425574425574     
0.421428747768031     0.421432252672773     0.575424575424575     
0.420461303846614     0.420464800705397     0.576423576423576     
0.41949354677257      0.419497035582788     0.577422577422577     
0.418525479658722     0.418528960417797     0.578421578421578     
0.41755710558695      0.417560578292329     0.579420579420579     
0.416588427608502     0.416591892257658     0.58041958041958      
0.415619448744293     0.415622905334723     0.581418581418581     
0.414650171985211     0.414653620514437     0.582417582417582     
0.413680600292413     0.413684040757983     0.583416583416583     
0.412710736597621     0.412714168997106     0.584415584415584     
0.411740583803415     0.411744008134411     0.585414585414585     
0.410770144783524     0.410773561043651     0.586413586413586     
0.409799422383109     0.40980283057001      0.587412587412587     
0.408828419419052     0.408831819530393     0.588411588411588     
0.407857138680231     0.407860530713702     0.589410589410589     
0.406885582927805     0.406888966881119     0.59040959040959      
0.405913754895485     0.405917130766378     0.591408591408591     
0.404941657289808     0.404945025076037     0.592407592407592     
0.403969292790407     0.403972652489753     0.593406593406593     
0.40299666405028      0.403000015660545     0.594405594405594     
0.402023773696052     0.402027117215061     0.595404595404595     
0.401050624328239     0.401053959753837     0.596403596403596     
0.400077218521508     0.400080545851563     0.597402597402597     
0.399103558824933     0.399106878057333     0.598401598401598     
0.398129647762248     0.398132958894903     0.599400599400599     
0.397155487832102     0.397158790862942     0.6003996003996       
0.396181081508306     0.396184376435281     0.601398601398601     
0.395206431240081     0.395209718061163     0.602397602397602     
0.394231539452301     0.394234818165481     0.603396603396603     
0.393256408545738     0.393259679149028     0.604395604395604     
0.392281040897298     0.392284303388728     0.605394605394605     
0.39130543886026      0.391308693237882     0.606393606393606     
0.390329604764513     0.390332851026396     0.607392607392607     
0.389353540916783     0.389356779061016     0.608391608391608     
0.388377249600868     0.388380479625561     0.609390609390609     
0.387400733077865     0.387403954981144     0.61038961038961      
0.386423993586395     0.386427207366405     0.611388611388611     
0.385447033342825     0.385450238997731     0.612387612387612     
0.384469854541492     0.384473052069476     0.613386613386613     
0.383492459354921     0.383495648754183     0.614385614385614     
0.382514849934041     0.382518031202799     0.615384615384615     
0.381537028408399     0.381540201544889     0.616383616383616     
0.380558996886375     0.380562161888851     0.617382617382617     
0.379580757455391     0.379583914322125     0.618381618381618     
0.37860231218212      0.378605460911399     0.619380619380619     
0.377623663112691     0.377626803702819     0.62037962037962      
0.376644812272894     0.376647944722194     0.621378621378621     
0.375665761668381     0.375668885975191     0.622377622377622     
0.374686513284869     0.374689629447545     0.623376623376623     
0.373707069088336     0.373710177105249     0.624375624375624     
0.372727431025217     0.372730530894755     0.625374625374625     
0.371747601022599     0.371750692743166     0.626373626373626     
0.370767580988415     0.37077066455843      0.627372627372627     
0.369787372811629     0.369790448229527     0.628371628371628     
0.368806978362432     0.368810045626665     0.629370629370629     
0.367826399492423     0.367829458601456     0.63036963036963      
0.366845638034795     0.366848688987109     0.631368631368631     
0.365864695804519     0.365867738598612     0.632367632367632     
0.364883574598525     0.364886609232909     0.633366633366633     
0.363902276195882     0.363905302669082     0.634365634365634     
0.362920802357973     0.36292382066853      0.635364635364635     
0.361939154828673     0.361942164975143     0.636363636363636     
0.360957335334522     0.360960337315474     0.637362637362637     
0.359975345584898     0.359978339398917     0.638361638361638     
0.358993187272187     0.358996172917871     0.639360639360639     
0.358010862071954     0.358013839547914     0.64035964035964      
0.357028371643105     0.357031340947968     0.641358641358641     
0.356045717628059     0.356048678760464     0.642357642357642     
0.355062901652908     0.355065854611508     0.643356643356643     
0.35407992532758      0.354082870111042     0.644355644355644     
0.353096790246        0.353099726853003     0.645354645354645     
0.352113497986248     0.352116426415485     0.646353646353646     
0.35113005011072      0.351132970360897     0.647352647352647     
0.350146448166278     0.350149360236113     0.648351648351648     
0.349162693684411     0.349165597572636     0.649350649350649     
0.348178788181382     0.34818168388674      0.65034965034965      
0.347194733158383     0.347197620679632     0.651348651348651     
0.346210530101684     0.346213409437592     0.652347652347652     
0.345226180482781     0.345229051632129     0.653346653346653     
0.344241685758543     0.344244548720123     0.654345654345654     
0.343257047371356     0.343259902143975     0.655344655344655     
0.342272266749269     0.342275113331744     0.656343656343656     
0.341287345306138     0.341290183697297     0.657342657342657     
0.340302284441761     0.340305114640445     0.658341658341658     
0.339317085542025     0.339319907547086     0.659340659340659     
0.338331749979039     0.33833456378934      0.66033966033966      
0.337346279111273     0.337349084725689     0.661338661338661     
0.336360674283694     0.336363471701111     0.662337662337662     
0.3353749368279       0.335377726047215     0.663336663336663     
0.334389068062252     0.334391849082372     0.664335664335664     
0.333403069292005     0.333405842111849     0.665334665334665     
0.332416941809441     0.33241970642794      0.666333666333666     
0.331430686893997     0.33143344331009      0.667332667332667     
0.33044430581239      0.330447054025028     0.668331668331668     
0.329457799818746     0.32946053982689      0.669330669330669     
0.328471170154726     0.328473901957348     0.67032967032967      
0.327484418049648     0.327487141645729     0.671328671328671     
0.326497544720608     0.32650026010914      0.672327672327672     
0.325510551372607     0.325513258552592     0.673326673326673     
0.324523439198666     0.324526138169116     0.674325674325674     
0.323536209379949     0.323538900139885     0.675324675324675     
0.322548863085875     0.322551545634329     0.676323676323676     
0.321561401474243     0.321564075810256     0.677322677322677     
0.320573825691341     0.320576491813963     0.678321678321678     
0.319586136872063     0.319588794780353     0.679320679320679     
0.318598336140021     0.31860098583305      0.68031968031968      
0.317610424607659     0.317613066084504     0.681318681318681     
0.316622403376363     0.316625036636113     0.682317682317682     
0.315634273536571     0.315636898578321     0.683316683316683     
0.31464603616788      0.314648652990737     0.684315684315684     
0.313657692339159     0.313660300942237     0.685314685314685     
0.312669243108648     0.312671843491071     0.686313686313686     
0.311680689524071     0.31168328168497      0.687312687312687     
0.310692032622735     0.310694616561253     0.688311688311688     
0.309703273431639     0.309705849146923     0.689310689310689     
0.30871441296757      0.308716980458778     0.69030969030969      
0.307725452237209     0.307728011503508     0.691308691308691     
0.306736392237232     0.306738943277796     0.692307692307692     
0.305747233954405     0.305749776768416     0.693306693306693     
0.304757978365687     0.304760512952337     0.694305694305694     
0.303768626438325     0.303771152796812     0.695304695304695     
0.302779179129953     0.302781697259484     0.696303696303696     
0.301789637388683     0.301792147288473     0.697302697302697     
0.300800002153205     0.300802503822475     0.698301698301698     
0.299810274352877     0.299812767790858     0.699300699300699     
0.298820454907818     0.298822940113749     0.7002997002997       
0.297830544729004     0.297833021702129     0.701298701298701     
0.296840544718352     0.296843013457924     0.702297702297702     
0.295850455768816     0.295852916274096     0.703296703296703     
0.294860278764472     0.294862731034727     0.704295704295704     
0.29387001458061      0.293872458615116     0.705294705294705     
0.292879664083818     0.292882099881856     0.706293706293706     
0.291889228132071     0.29189165569293      0.707292707292707     
0.290898707574814     0.290901126897791     0.708291708291708     
0.289908103253049     0.289910514337448     0.709290709290709     
0.288917415999419     0.288919818844549     0.71028971028971      
0.287926646638289     0.287929041243468     0.711288711288711     
0.286935795985831     0.286938182350383     0.712287712287712     
0.285944864850102     0.285947242973357     0.713286713286713     
0.284953854031129     0.284956223912425     0.714285714285714     
0.283962764320984     0.283965125959665     0.715284715284715     
0.282971596503869     0.282973949899284     0.716283716283716     
0.281980351356187     0.281982696507694     0.717282717282717     
0.280989029646626     0.280991366553589     0.718281718281718     
0.279997632136232     0.279999960798019     0.719280719280719     
0.279006159578487     0.279008479994474     0.72027972027972      
0.27801461271938      0.278016924888951     0.721278721278721     
0.27702299229749      0.277025296220031     0.722277722277722     
0.276031299044049     0.276033594718955     0.723276723276723     
0.275039533683024     0.275041821109696     0.724275724275724     
0.274047696931184     0.274049976109027     0.725274725274725     
0.273055789498173     0.2730580604266       0.726273726273726     
0.272063812086582     0.27206607476501      0.727272727272727     
0.271071765392017     0.271074019819871     0.728271728271728     
0.270079650103169     0.270081896279878     0.729270729270729     
0.269087466901885     0.269089704826885     0.73026973026973      
0.268095216463234     0.268097446135964     0.731268731268731     
0.267102899455573     0.26710512087548      0.732267732267732     
0.266110516540616     0.266112729707153     0.733266733266733     
0.2651180683735       0.265120273286123     0.734265734265734     
0.26412555560285      0.264127752261023     0.735264735264735     
0.263132978870842     0.263135167274032     0.736263736263736     
0.26214033881327      0.262142518960951     0.737262737262737     
0.261147636059608     0.261149807951259     0.738261738261738     
0.260154871233072     0.260157034868176     0.739260739260739     
0.259162044950684     0.259164200328729     0.74025974025974      
0.258169157823331     0.258171304943812     0.741258741258741     
0.257176210455829     0.257178349318245     0.742257742257742     
0.256183203446983     0.256185334050837     0.743256743256743     
0.255190137389642     0.255192259734445     0.744255744255744     
0.254197012870767     0.254199126956031     0.745254745254745     
0.25320383047148      0.253205936296724     0.746253746253746     
0.252210590767128     0.252212688331876     0.747252747252747     
0.251217294327341     0.251219383631121     0.748251748251748     
0.250223941716083     0.250226022758427     0.749250749250749     
0.249230533491714     0.249232606272161     0.75024975024975      
0.248237070207045     0.248239134725137     0.751248751248751     
0.24724355240939      0.247245608664672     0.752247752247752     
0.246249980640623     0.246252028632647     0.753246753246753     
0.245256355437231     0.245258395165553     0.754245754245754     
0.24426267733037      0.24426470879455      0.755244755244755     
0.243268946845915     0.243270970045516     0.756243756243756     
0.242275164504513     0.242277179439105     0.757242757242757     
0.241281330821636     0.241283337490792     0.758241758241758     
0.240287446307634     0.240289444710931     0.759240759240759     
0.239293511467781     0.2392955016048       0.76023976023976      
0.23829952680233      0.238301508672658     0.761238761238761     
0.237305492806562     0.237307466409788     0.762237762237762     
0.236311409970833     0.236313375306551     0.763236763236763     
0.235317278780627     0.235319235848434     0.764235764235764     
0.234323099716599     0.234325048516097     0.765234765234765     
0.23332887325463      0.233330813785425     0.766233766233766     
0.232334599865866     0.232336532127568     0.767232767232767     
0.231340280016775     0.231342204008997     0.768231768231768     
0.230345914169184     0.230347829891544     0.769230769230769     
0.22935150278033      0.22935341023245      0.77022977022977      
0.228357046302908     0.228358945484412     0.771228771228771     
0.227362545185109     0.227364436095625     0.772227772227772     
0.226367999870671     0.226369882509833     0.773226773226773     
0.225373410798921     0.225375285166364     0.774225774225774     
0.224378778404818     0.224380644500183     0.775224775224775     
0.223384103119        0.223385960941929     0.776223776223776     
0.222389385367821     0.222391234917961     0.777222777222777     
0.221394625573398     0.2213964668504       0.778221778221778     
0.220399824153654     0.220401657157171     0.779220779220779     
0.219404981522354     0.219406806252045     0.78021978021978      
0.218410098089154     0.218411914544678     0.781218781218781     
0.217415174259636     0.217416982440657     0.782217782217782     
0.21642021043535      0.216422010341536     0.783216783216783     
0.215425207013855     0.215426998644877     0.784215784215784     
0.214430164388758     0.214431947744289     0.785214785214785     
0.213435082949755     0.213436858029472     0.786213786213786     
0.212439963082665     0.21244172988625      0.787212787212787     
0.211444805169475     0.21144656369661      0.788211788211788     
0.210449609588373     0.210451359838745     0.789210789210789     
0.209454376713789     0.209456118687088     0.79020979020979      
0.20845910691643      0.20846084061235      0.791208791208791     
0.207463800563319     0.207465525981555     0.792207792207792     
0.20646845801783      0.206470175158081     0.793206793206793     
0.205473079639725     0.205474788501693     0.794205794205794     
0.20447766578519      0.204479366368581     0.795204795204795     
0.203482216806872     0.203483909111392     0.796203796203796     
0.202486733053909     0.202488417079271     0.797202797202797     
0.201491214871972     0.201492890617888     0.798201798201798     
0.200495662603294     0.200497330069481     0.799200799200799     
0.199500076586706     0.199501735772883     0.8001998001998       
0.198504457157673     0.198506108063562     0.801198801198801     
0.197508804648322     0.197510447273649     0.802197802197802     
0.196513119387482     0.196514753731974     0.803196803196803     
0.195517401700712     0.195519027764099     0.804195804195804     
0.194521651910333     0.194523269692348     0.805194805194805     
0.193525870335465     0.193527479835844     0.806193806193806     
0.192530057292054     0.192531658510536     0.807192807192807     
0.191534213092907     0.191535806029232     0.808191808191808     
0.19053833804772      0.190539922701631     0.809190809190809     
0.18954243246311      0.189544008834354     0.81018981018981      
0.188546496642649     0.188548064730974     0.811188811188811     
0.187550530886889     0.187552090692046     0.812187812187812     
0.186554535493395     0.186556087015137     0.813186813186813     
0.185558510756775     0.185560053994858     0.814185814185814     
0.184562456968706     0.18456399192289      0.815184815184815     
0.183566374417969     0.183567901088014     0.816183816183816     
0.182570263390473     0.182571781776141     0.817182817182817     
0.181574124169283     0.181575634270341     0.818181818181818     
0.180577957034654     0.18057945885087      0.819180819180819     
0.179581762264053     0.179583255795196     0.82017982017982      
0.178585540132188     0.178587025378031     0.821178821178821     
0.177589290911039     0.177590767871356     0.822177822177822     
0.17659301486988      0.176594483544449     0.823176823176823     
0.175596712275309     0.175598172663909     0.824175824175824     
0.174600383391275     0.174601835493687     0.825174825174825     
0.173604028479102     0.17360547229511      0.826173826173826     
0.172607647797517     0.172609083326906     0.827172827172827     
0.171611241602676     0.171612668845234     0.828171828171828     
0.170614810148186     0.170616229103704     0.829170829170829     
0.169618353685137     0.169619764353405     0.83016983016983      
0.168621872462119     0.168623274842932     0.831168831168831     
0.167625366725254     0.167626760818409     0.832167832167832     
0.166628836718216     0.16663022252351      0.833166833166833     
0.165632282682257     0.165633660199491     0.834165834165834     
0.164635704856232     0.164637074085208     0.835164835164835     
0.16363910347662      0.163640464417142     0.836163836163836     
0.16264247877755      0.162643831429424     0.837162837162837     
0.161645830990825     0.161647175353859     0.838161838161838     
0.160649160345942     0.160650496419945     0.839160839160839     
0.159652467070116     0.159653794854902     0.84015984015984      
0.158655751388307     0.158657070883688     0.841158841158841     
0.157659013523236     0.157660324729027     0.842157842157842     
0.15666225369541      0.156663556611429     0.843156843156843     
0.155665472123146     0.155666766749212     0.844155844155844     
0.154668669022588     0.154669955358523     0.845154845154845     
0.153671844607735     0.15367312265336      0.846153846153846     
0.152674999090455     0.152676268845596     0.847152847152847     
0.151678132680514     0.151679394144997     0.848151848151848     
0.15068124558559      0.150682498759242     0.849150849150849     
0.149684338011297     0.149685582893949     0.85014985014985      
0.148687410161206     0.148688646752688     0.851148851148851     
0.147690462236864     0.14769169053701      0.852147852147852     
0.146693494437814     0.146694714446459     0.853146853146853     
0.145696506961617     0.145697718678597     0.854145854145854     
0.144699500003869     0.144700703429021     0.855144855144855     
0.143702473758222     0.143703668891387     0.856143856143856     
0.142705428416402     0.142706615257421     0.857142857142857     
0.141708364168232     0.141709542716947     0.858141858141858     
0.140711281201645     0.1407124514579       0.859140859140859     
0.139714179702708     0.13971534166635      0.86013986013986      
0.138717059855637     0.138718213526513     0.861138861138861     
0.137719921842818     0.137721067220776     0.862137862137862     
0.136722765844823     0.136723902929715     0.863136863136863     
0.13572559204043      0.135726720832107     0.864135864135864     
0.13472840060664      0.134729521104955     0.865134865134865     
0.133731191718693     0.133732303923502     0.866133866133866     
0.132733965550089     0.132735069461247     0.867132867132867     
0.131736722272602     0.131737817889968     0.868131868131868     
0.130739462056299     0.130740549379732     0.869130869130869     
0.129742185069557     0.129743264098916     0.87012987012987      
0.128744891479078     0.128745962214227     0.871128871128871     
0.127747581449909     0.127748643890709     0.872127872127872     
0.126750255145454     0.126751309291771     0.873126873126873     
0.125752912727494     0.125753958579194     0.874125874125874     
0.124755554356201     0.124756591913152     0.875124875124875     
0.123758180190157     0.123759209452226     0.876123876123876     
0.122760790386366     0.122761811353424     0.877122877122877     
0.12176338510027      0.121764397772188     0.878121878121878     
0.120765964485769     0.12076696886242      0.879120879120879     
0.119768528695231     0.119769524776488     0.88011988011988      
0.11877107787951      0.118772065665248     0.881118881118881     
0.11777361218796      0.117774591678056     0.882117882117882     
0.116776131768452     0.116777102962782     0.883116883116883     
0.115778636767385     0.115779599665829     0.884115884115884     
0.114781127329703     0.114782081932141     0.885114885114885     
0.113783603598912     0.113784549905225     0.886113886113886     
0.112786065717087     0.112787003727158     0.887112887112887     
0.111788513824896     0.111789443538607     0.888111888111888     
0.110790948061603     0.11079186947884      0.889110889110889     
0.109793368565093     0.109794281685741     0.89010989010989      
0.108795775471877     0.108796680295822     0.891108891108891     
0.107798168917109     0.107799065444241     0.892107892107892     
0.106800549034602     0.106801437264809     0.893106893106893     
0.105802915956837     0.105803795890009     0.894105894105894     
0.104805269814978     0.104806141451007     0.895104895104895     
0.103807610738886     0.103808474077665     0.896103896103896     
0.102809938857131     0.102810793898553     0.897102897102897     
0.101812254297005     0.101813101040964     0.898101898101898     
0.100814557184534     0.100815395630926     0.899100899100899     
0.099816847644492     0.0998176777932133    0.9000999000999       
0.0988191258004124    0.0988199476513611    0.901098901098901     
0.0978213917746009    0.0978222053276756    0.902097902097902     
0.0968236456881471    0.0968244509432475    0.903096903096903     
0.0958258876609371    0.0958266846179639    0.904095904095904     
0.0948281178116655    0.0948289064705203    0.905094905094905     
0.0938303362578466    0.0938311166184322    0.906093906093906     
0.0928325431158271    0.0928333151780469    0.907092907092907     
0.0918347385007967    0.0918355022645555    0.908091908091908     
0.0908369225268004    0.0908376779920036    0.909090909090909     
0.0898390953067493    0.0898398424733034    0.91008991008991      
0.0888412569524325    0.0888419958202448    0.911088911088911     
0.0878434075745275    0.0878441381435065    0.912087912087912     
0.0868455472826119    0.0868462695526668    0.913086913086913     
0.0858476761851739    0.0858483901562147    0.914085914085914     
0.0848497943896235    0.0848505000615613    0.915084915084915     
0.0838519020023027    0.0838525993750495    0.916083916083916     
0.0828539991284967    0.0828546882019651    0.917082917082917     
0.0818560858724441    0.0818567666465479    0.918081918081918     
0.0808581623373472    0.0808588348120009    0.919080919080919     
0.0798602286253826    0.0798608928005016    0.92007992007992      
0.0788622848377112    0.0788629407132116    0.921078921078921     
0.0778643310744882    0.0778649786502872    0.922077922077922     
0.0768663674348735    0.0768670067108886    0.923076923076923     
0.0758683940170409    0.0758690249931912    0.924075924075924     
0.0748704109181888    0.0748710335943936    0.925074925074925     
0.0738724182345492    0.0738730326107288    0.926073926073926     
0.0728744160613973    0.0728750221374728    0.927072927072927     
0.0718764044930617    0.071877002268955     0.928071928071928     
0.0708783836229331    0.0708789730985667    0.929070929070929     
0.0698803535434738    0.0698809347187711    0.93006993006993      
0.068882314346227     0.0688828872211124    0.931068931068931     
0.0678842661218263    0.0678848306962246    0.932067932067932     
0.0668862089600038    0.0668867652338406    0.933066933066933     
0.0658881429496001    0.0658886909228018    0.934065934065934     
0.0648900681785726    0.0648906078510664    0.935064935064935     
0.0638919847340041    0.063892516105718     0.936063936063936     
0.0628938927021122    0.0628944157729745    0.937062937062937     
0.0618957921682571    0.0618963069381973    0.938061938061938     
0.0608976832169507    0.0608981896858988    0.939060939060939     
0.0598995659318649    0.0599000640997513    0.94005994005994      
0.0589014403958396    0.058901930262596     0.941058941058941     
0.0579033066908915    0.0579037882564499    0.942057942057942     
0.056905164898222     0.056905638162515     0.943056943056943     
0.0559070150982251    0.0559074800611863    0.944055944055944     
0.054908857370496     0.0549093140320594    0.945054945054945     
0.0539106917938385    0.0539111401539386    0.946053946053946     
0.052912518446273     0.0529129585048456    0.947052947052947     
0.0519143374050447    0.0519147691620256    0.948051948051948     
0.0509161487466306    0.0509165722019564    0.949050949050949     
0.0499179525467475    0.0499183677003556    0.95004995004995      
0.0489197488803599    0.0489201557321881    0.951048951048951     
0.0479215378216868    0.0479219363716736    0.952047952047952     
0.0469233194442096    0.0469237096922941    0.953046953046953     
0.0459250938206792    0.0459254757668013    0.954045954045954     
0.0449268610231233    0.0449272346672233    0.955044955044955     
0.0439286211228538    0.0439289864648726    0.956043956043956     
0.0429303741904736    0.0429307312303526    0.957042957042957     
0.0419321202958838    0.0419324690335653    0.958041958041958     
0.0409338595082907    0.0409341999437173    0.959040959040959     
0.0399355918962127    0.0399359240293275    0.96003996003996      
0.0389373175274869    0.0389376413582339    0.961038961038961     
0.0379390364692764    0.0379393519976       0.962037962037962     
0.0369407487880765    0.0369410560139213    0.963036963036963     
0.0359424545497215    0.0359427534730331    0.964035964035964     
0.0349441538193913    0.0349444444401159    0.965034965034965     
0.033945846661618     0.0339461289797019    0.966033966033966     
0.032947533140292     0.0329478071556826    0.967032967032967     
0.031949213318669     0.0319494790313137    0.968031968031968     
0.0309508872593755    0.0309511446692223    0.969030969030969     
0.0299525550244158    0.0299528041314134    0.97002997002997      
0.0289542166751776    0.0289544574792753    0.971028971028971     
0.0279558722724386    0.027956104773586     0.972027972027972     
0.0269575218763723    0.0269577460745195    0.973026973026973     
0.0259591655465539    0.0259593814416516    0.974025974025974     
0.0249608033419666    0.0249610109339658    0.975024975024975     
0.0239624353210072    0.0239626346098596    0.976023976023976     
0.0229640615414921    0.0229642525271499    0.977022977022977     
0.0219656820606628    0.0219658647430786    0.978021978021978     
0.0209672969351921    0.0209674713143188    0.979020979020979     
0.0199689062211892    0.0199690722969804    0.98001998001998      
0.0189705099742057    0.0189706677466154    0.981018981018981     
0.0179721082492408    0.0179722577182234    0.982017982017982     
0.0169737011007474    0.0169738422662579    0.983016983016983     
0.0159752885826367    0.0159754214446303    0.984015984015984     
0.0149768707482841    0.0149769953067168    0.985014985014985     
0.0139784476505347    0.0139785639053624    0.986013986013986     
0.012980019341708     0.0129801272928876    0.987012987012987     
0.0119815858736036    0.0119816855210922    0.988011988011988     
0.0109831472975061    0.0109832386412611    0.989010989010989     
0.00998470366419042   0.00998478670416984   0.99000999000999      
0.00898625502392662   0.00898632976008885   0.991008991008991     
0.00798780142648518   0.00798786785878876   0.992007992007992     
0.00698934292114181   0.00698940104954615   0.993006993006993     
0.00599087955668242   0.00599092938114711   0.994005994005994     
0.00499241138140795   0.00499245290189297   0.995004995004995     
0.00399393844313923   0.00399397165960487   0.996003996003996     
0.00299546078922174   0.00299548570162888   0.997002997002997     
0.00199697846653033   0.00199699507484003   0.998001998001998     
0.000998491521473884  0.000998499825647716  0.999000999000999     
0                     5.8885730493119e-18   1                     
