100
0                     0                     0                     
0.0842968333702268    0.0843657190868864    0.0099009900990099    
0.159714794665967     0.159845310459406     0.0198019801980198    
0.227090861947875     0.227276436140246     0.0297029702970297    
0.28718311448539      0.287417794886337     0.0396039603960396    
0.34067817025068      0.340956565760568     0.0495049504950495    
0.388197922307847     0.388515150025839     0.0594059405940594    
0.430305640187917     0.430657277505975     0.0693069306930693    
0.467511496110035     0.467893537322838     0.0792079207920792    
0.500277570266452     0.500686387271538     0.0891089108910891    
0.529022384278024     0.529454690980579     0.099009900990099     
0.554125007297812     0.554577827370889     0.108910891089109     
0.575928775047658     0.576399412731519     0.118811881188119     
0.59474465827509      0.595230671929185     0.128712871287129     
0.610854313678397     0.611353491826498     0.138613861386139     
0.624512847232405     0.625023186865876     0.148514851485149     
0.635951317025872     0.63647100395221      0.158415841584158     
0.645379000165759     0.645906391209602     0.168316831683168     
0.652985445988917     0.653519052870898     0.178217821782178     
0.658942335725186     0.659480810460468     0.188118811881188     
0.663405166857013     0.663947288530247     0.198019801980198     
0.666514778700783     0.667059441487743     0.207920792079208     
0.66839873417731      0.668944936495686     0.217821782178218     
0.66917257132799      0.669719406010888     0.227722772277228     
0.668940936855205     0.66948758225096      0.237623762376238     
0.667798612808113     0.668344324719093     0.247524752475248     
0.665831446486617     0.666375550867913     0.257425742574257     
0.663117192686751     0.66365907903315      0.267326732673267     
0.659726276550757     0.660265391907086     0.277227722772277     
0.655722484506129     0.656258328042232     0.287128712871287     
0.651163590072422     0.65169570816953      0.297029702970297     
0.646101920675596     0.646629902475883     0.306930693069307     
0.640584871030885     0.641108344406556     0.316831683168317     
0.63465536813099      0.635173996033345     0.326732673267327     
0.628352292401572     0.628865769554232     0.336633663366337     
0.621710859155987     0.622218909059835     0.346534653465347     
0.614762964091721     0.615265336312177     0.356435643564356     
0.607537496218155     0.608033963928171     0.366336633663366     
0.600060621285811     0.600550979040476     0.376237623762376     
0.592356038497778     0.592840100218705     0.386138613861386     
0.584445213021912     0.584922810171627     0.396039603960396     
0.576347586584982     0.576818566513408     0.405940594059406     
0.568080768214892     0.568544992661704     0.415841584158416     
0.559660707002349     0.560118050740506     0.425742574257426     
0.551101848576935     0.551552198184081     0.435643564356436     
0.54241727683276      0.54286052957844      0.445544554455446     
0.533618842294177     0.534054905131951     0.455445544554455     
0.524717278380932     0.5251460670355       0.465346534653465     
0.515722306713437     0.516143744853818     0.475247524752475     
0.50664273249131      0.507056750981957     0.485148514851485     
0.497486530880937     0.497893067103454     0.495049504950495     
0.488260925259596     0.488659922498388     0.504950495049505     
0.478972458083808     0.479363864969647     0.514851485148515     
0.469627055077189     0.470010825083232     0.524752475247525     
0.460230083367553     0.46060617435287      0.534653465346535     
0.450786404143651     0.451154777939776     0.544554455445545     
0.44130042034815      0.44166104238462      0.554455445544555     
0.431776119874783     0.432128958839961     0.564356435643564     
0.422217114693456     0.422562142227337     0.574257425742574     
0.412626676287181     0.412963866703151     0.584158415841584     
0.403007767748505     0.40333709778133      0.594059405940594     
0.393363072850321     0.393684521427895     0.603960396039604     
0.38369502237629      0.384008570412895     0.613861386138614     
0.374005817969192     0.374311448178249     0.623762376237624     
0.364297453731173     0.364595150455645     0.633663366336634     
0.35457173578783      0.35486148484661      0.643564356435644     
0.344830300008056     0.345112088556836     0.653465346534653     
0.335074628053503     0.33534844445876      0.663366336633663     
0.325306061915117     0.325571895639979     0.673267326732673     
0.315525817079381     0.315783658580245     0.683168316831683     
0.305734994453413     0.305984835086316     0.693069306930693     
0.295934591165932     0.296176423101746     0.702970297029703     
0.286125510350065     0.286359326497685     0.712871287128713     
0.276308570003956     0.276534363940728     0.722772277227723     
0.266484511016124     0.266702276924834     0.732673267326733     
0.256654004434299     0.256863737046098     0.742574257425743     
0.246817658049049     0.247019352591766     0.752475247524752     
0.236976022356802     0.237169674508118     0.762376237623762     
0.227129595960743     0.22731520180579      0.772277227722772     
0.217278830462603     0.217456386455552     0.782178217821782     
0.207424134893305     0.207593637822578     0.792079207920792     
0.197565879725957     0.197727326682722     0.801980198019802     
0.187704400510554     0.187857788860181     0.811881188118812     
0.177840001166047     0.177985328522264     0.821782178217822     
0.167972956962084     0.168110221163564     0.831683168316832     
0.158103517219673     0.15823271630883      0.841584158415842     
0.148231907757265     0.148353039961044     0.851485148514851     
0.138358333106247     0.138471396818736     0.861386138613861     
0.128482978517599     0.128587972284268     0.871287128712871     
0.118606011779385     0.118702934282817     0.881188118811881     
0.108727584862913     0.108816434909879     0.891089108910891     
0.0988478354137274    0.0989286119234793    0.900990099009901     
0.0889668881020396    0.0890395900957079    0.910891089108911     
0.0790848558458675    0.0791494824368568    0.920792079207921     
0.0692018409188695    0.0692583913041606    0.930693069306931     
0.0593179359537489    0.05936640940602      0.940594059405941     
0.0494332248510705    0.049473620711562     0.95049504950495      
0.0395477836024067    0.0395801012744576    0.96039603960396      
0.0296616810358886    0.0296859199790827    0.97029702970297      
0.0197749794914766    0.0197911392163411    0.98019801980198      
0.00988773543257654   0.0098958154957793    0.99009900990099      
0                     5.8885730493119e-18   1                     
