24	991	-7	113	463	105.577845	214.266576
58	6664	-10	650	2714	275.212759	-483.705390
11	169	-6	28	93	28.451536	-34.012132
11	207	-12	9	112	267.287022	-31.655080
134	39505	-14	6674	11282	218.831808	94.021918
53	5917	-13	1013	1796	-43.230860	307.369084
20	695	-8	59	341	-197.815591	-444.560522
103	20508	-8	3054	7555	-1756.475164	1239.180267
11	196	-12	34	87	86.062487	10.475836
148	45307	-10	2401	19503	336.379099	-388.594528
144	30954	-3	8182	12554	269.645469	191.680659
142	42593	-12	4278	15886	131.640609	25.774789
52	3877	-3	1072	1632	579.887083	-2.480708
131	36800	-13	7038	10123	-330.114587	1.044579
75	12237	-14	669	4956	-725.384783	-46.367043
146	31098	-3	7020	14296	133.781915	63.557027
105	17119	-4	4579	6446	85.206447	150.984287
98	18749	-8	1045	8559	-879.329648	1183.714123
75	11040	-10	2389	3236	152.040588	-231.464398
72	10893	-13	151	5033	26.936893	-84.621297
46	3894	-9	848	1268	723.940388	-542.131054
121	25711	-5	3206	11435	7.964034	-1469.536637
116	27921	-11	5639	7817	26.851887	-315.311975
42	3545	-11	547	1217	-346.319872	-1025.705678
14	352	-14	70	126	606.812935	716.839282
40	3049	-9	255	1345	-416.228299	727.449629
132	29959	-5	2582	14842	168.849332	367.874563
15	425	-11	40	185	137.097867	-1030.631786
33	1723	-4	146	943	538.956040	1451.592265
125	33492	-13	6467	9158	-267.523495	226.633456
10	73	-9	66	34	-42.428032	969.941813
39	2437	-5	370	1151	68.735216	-153.052862
118	24752	-6	4679	9245	34.794519	-305.050948
147	36965	-4	3854	17755	1528.729204	1426.903718
122	27860	-7	6141	8743	-2166.609260	104.059761
115	21646	-4	1163	12062	352.888674	281.622647
86	9914	-3	3075	4321	-46.752000	28.758070
48	3666	-4	706	1598	-2402.436488	188.568416
69	9508	-10	927	3834	-61.460965	-205.731368
109	24899	-12	4614	7267	255.852457	59.289337
62	6091	-4	1501	2343	997.970106	-432.575749
125	34225	-13	5598	10027	-798.432896	-652.848006
25	1034	-6	97	528	155.949899	348.777469
141	33640	-5	7202	12679	-322.078082	137.457200
29	1625	-10	285	556	-73.899052	-1217.351400
74	10365	-8	1562	3914	-33.803288	-206.262296
87	11667	-3	1437	6132	-471.259997	526.613371
48	3831	-5	470	1834	88.810094	541.388133
92	14499	-5	2012	6452	232.244718	-578.433197
138	41840	-13	5521	13523	-17.520945	-554.835497
136	40862	-14	7771	10725	-280.546687	497.926587
24	1158	-13	66	510	-928.427243	118.856696
113	26955	-13	5016	7753	-75.345295	-10.508573
18	593	-10	42	282	1012.065695	246.528342
105	22444	-10	4596	6429	291.070662	-649.373646
137	37902	-9	1025	17744	522.990164	1070.835258
84	11395	-4	558	6498	-490.880590	54.102769
28	1358	-6	100	684	429.649115	-1860.524074
131	35945	-11	6778	10383	773.126753	-851.015161
51	5089	-10	589	2012	-62.844280	106.704137
15	401	-12	45	180	34.535865	-7.118330
51	5309	-12	1011	1590	-37.546240	428.414551
50	4602	-8	37	2463	215.662698	705.875860
65	7466	-6	1321	2904	-610.354029	-519.311738
46	3644	-7	731	1385	122.647036	47.959349
18	551	-9	111	213	423.884629	-500.569276
38	3054	-14	279	1165	-233.569110	230.217185
105	24279	-14	4695	6330	-185.306602	-689.682394
126	33516	-11	5099	10777	526.688749	1000.875911
63	5905	-4	1444	2525	-148.117514	16.332793
33	2108	-11	436	653	-294.338684	-556.794109
147	44318	-10	3488	18121	13.644308	-310.203266
74	8359	-3	2283	3193	-8.520395	-1328.355381
70	10387	-13	1778	3122	274.146133	-288.380448
76	11076	-9	1137	4639	110.030763	-101.363148
52	5556	-12	885	1819	86.949538	237.031484
106	19328	-5	2141	9095	-529.515548	174.002527
73	8760	-5	2233	3096	1042.616466	27.826383
73	10385	-10	1586	3743	254.655510	-13.705613
119	23598	-4	703	13458	-377.247392	-1382.007134
54	5412	-8	1152	1764	-22.060244	-234.438588
26	987	-4	235	441	-1507.255416	208.162610
49	4159	-8	659	1742	-13.743104	-9.302258
109	20921	-5	645	11236	949.550464	-713.109439
113	23553	-7	548	12221	112.683307	350.051259
85	14063	-8	2592	4633	-77.272948	1407.309561
111	19452	-4	1834	10487	-141.446009	-106.439461
143	39873	-9	8666	11783	180.128400	137.128896
140	38917	-9	2930	16670	233.056307	-38.049784
27	1430	-13	295	434	89.604305	1018.890868
90	13153	-4	3086	5014	297.066307	709.511310
10	126	-4	24	76	-188.651499	-513.466465
76	12127	-12	1281	4495	-721.696939	-197.188991
97	19848	-12	2228	7181	-277.210539	178.713673
133	35435	-10	7454	10235	-322.510074	152.349242
35	2276	-10	392	833	90.793204	-10.706754
143	41294	-9	1364	19085	-91.430739	-1228.725734
136	29205	-3	4886	13610	163.764098	998.251897
5	27	-5	8	17	-109.377138	716.199819
95	19547	-13	1590	7435	297.303888	-537.571828
123	31453	-11	5835	9294	-1100.503607	-176.042870
99	18707	-8	2893	6908	-117.700756	-329.335864
33	1711	-4	268	821	-288.346249	-352.626126
51	5047	-9	90	2511	768.783246	-1228.259413
134	34998	-8	7334	10622	-399.915078	889.454030
65	7154	-5	1428	2797	-115.564869	874.585654
140	43188	-13	5882	13718	319.084979	-866.040007
20	658	-7	141	259	-290.197882	-828.856626
49	4167	-6	470	1931	230.725160	359.968520
106	24250	-13	925	10311	-487.785468	25.812581
5	31	-8	8	17	568.566551	-37.160713
70	9460	-10	551	4349	-2.123158	-12.846473
42	3345	-10	588	1176	-298.017884	125.231298
76	12006	-12	2290	3486	-143.063561	-301.624161
69	9591	-10	345	4416	-547.773441	-652.776863
85	15386	-14	3076	4149	97.090801	78.725242
86	16038	-14	2986	4410	-7.115311	167.233681
8	71	-13	30	34	-152.954976	16.973947
132	27068	-3	5409	12015	817.988384	387.041415
6	42	-6	9	27	-206.392363	-63.393613
65	8683	-11	819	3406	-1411.998351	-15.435338
79	11698	-8	738	5503	241.439193	80.663348
73	11334	-13	591	4738	-84.685693	-231.001667
57	5921	-8	1267	1982	770.259115	-142.692379
31	1819	-11	252	709	15.210957	-77.625658
43	3227	-7	439	1410	147.372810	60.679295
95	18503	-11	3502	5523	716.332613	33.557992
136	39728	-13	7966	10530	-702.058034	157.174396
29	1116	-3	324	517	-773.605091	5.870513
72	7760	-3	1153	4031	-361.562619	145.941709
8	99	-11	11	53	451.357265	-173.011485
124	31626	-10	5818	9558	-839.990957	820.866300
146	45789	-12	5865	15451	-626.108700	53.697949
122	32898	-14	5547	9337	-127.091269	-422.505758
33	1872	-6	326	763	-15.271515	252.126105
45	4084	-11	492	1533	-9.009877	-396.302488
33	1820	-7	362	727	-239.067129	85.546525
121	27486	-8	4866	9775	-40.935363	70.456260
35	2488	-13	467	758	217.727489	-269.445763
92	18442	-14	2139	6325	-293.870760	-33.191788
132	27432	-4	4448	12976	99.362062	41.265335
37	2850	-14	579	790	-22.806945	484.500768
127	31766	-8	2412	13717	349.112052	-1419.318005
25	1125	-12	263	362	666.833638	-517.596165
76	9652	-5	1469	4307	-438.532461	-0.593393
10	151	-8	18	82	-103.166073	-369.888985
139	41557	-12	5369	13952	-1177.905662	135.506890
62	6970	-7	232	3612	162.432724	-334.718903
92	17670	-11	2659	5805	293.880287	-954.321248
74	9017	-4	2000	3476	472.468198	1137.832034
46	4309	-13	737	1379	631.636969	26.310039
94	16821	-8	3392	5444	41.062070	303.235988
87	16701	-14	2710	4859	-463.972298	-937.878919
99	16886	-6	4212	5589	-275.293490	-199.201971
11	206	-10	22	99	920.132636	-94.186677
101	22626	-14	2521	7680	-386.254627	630.188967
76	11264	-9	2206	3570	217.970735	-859.991085
14	352	-11	36	160	190.744198	177.512925
107	23628	-11	3903	7546	366.894916	104.767581
76	11947	-12	1543	4233	270.260143	15.125808
123	27861	-6	2088	13041	-722.933752	-1924.489854
38	2812	-11	518	926	532.916508	-522.154613
137	26575	-3	7847	10922	14.291288	-79.980948
134	38755	-12	737	17219	403.157524	-766.112838
130	30949	-6	2750	14150	870.891153	314.288775
90	16978	-12	2899	5201	362.969840	282.207514
30	1700	-9	251	649	0.472674	-547.012699
139	41540	-12	7474	11847	1422.982554	867.335148
44	3577	-8	117	1819	-535.740518	-69.648312
89	12248	-4	3193	4728	152.324176	165.862104
114	26340	-10	2950	10046	-43.492501	-190.896805
43	3695	-12	673	1176	2064.206220	-98.322930
127	33069	-11	6246	9883	-103.398806	-112.072117
100	20256	-10	2423	7577	24.538066	464.052354
48	4403	-9	665	1639	-62.131654	272.395700
134	34886	-8	7008	10948	905.058446	-778.611059
146	41984	-9	3388	17928	150.999082	3.447574
56	4782	-3	861	2275	-1337.772526	209.306452
112	25529	-10	3961	8583	608.744067	100.064926
29	1652	-11	9	832	-433.240087	1323.700822
80	12957	-10	2280	4120	265.185460	601.883468
144	46013	-14	8333	12403	175.239831	-462.738457
97	16497	-5	394	9015	-1421.801363	664.764797
107	22840	-9	2567	8882	-1229.266869	472.963676
112	22657	-6	796	11748	-531.511559	175.544571
143	31091	-3	6267	14182	-176.373699	297.287556
16	447	-9	12	244	-551.236708	24.582835
124	32287	-11	4368	11008	548.711387	800.827905
122	24079	-4	4471	10413	-474.820217	203.837277
23	724	-3	133	396	207.053925	209.000852
34	1785	-4	347	809	1423.519233	67.170557
125	31310	-9	5031	10594	-350.140391	633.211254
125	34069	-13	4099	11526	176.214759	-260.226340
54	5856	-10	880	2036	4.847335	565.876902
107	24399	-13	4484	6965	-394.608294	-136.464444
25	905	-4	236	389	-103.283289	386.575652
75	8524	-3	311	5314	-299.102818	-110.065518
44	4061	-14	772	1164	-39.901834	138.841972
83	13966	-11	406	6483	-18.188927	-143.506472
60	7142	-10	1460	2140	164.790022	-603.734266
57	6476	-10	534	2715	426.510363	-566.501547
85	12217	-5	1941	5284	758.676897	97.811522
30	1527	-7	334	566	-81.576443	-194.298185
128	32987	-9	1991	14393	733.823310	570.785526
8	74	-13	32	32	477.328058	-112.852344
100	18577	-7	2636	7364	-136.987439	333.066745
8	9	-6	53	11	40.664136	-184.297115
36	2274	-7	153	1143	-24.469612	-150.122512
13	261	-6	12	157	-45.724962	376.302714
113	22294	-5	3946	8823	336.073381	-825.311104
24	1045	-9	190	386	284.933367	889.379898
140	41414	-11	3952	15648	-433.390153	-441.363890
81	11929	-7	83	6478	-146.555322	75.555770
57	5135	-4	829	2420	54.256435	-339.641998
10	37	-12	76	24	-704.178822	-753.937145
99	15364	-3	747	9054	1045.879027	273.877559
94	18920	-14	3689	5147	-450.663362	43.290533
63	5880	-3	1431	2538	-959.979206	-19.603496
121	31157	-12	6068	8573	-1151.046307	-866.873309
12	85	-13	101	43	-483.823578	-448.719571
55	4763	-4	647	2378	-587.727014	72.503483
45	3891	-11	834	1191	-3.426632	-48.273712
45	3581	-7	795	1230	-296.222793	-431.825703
146	32940	-3	2235	19081	271.285260	-389.692496
81	11278	-5	1042	5519	121.913727	-523.638691
135	35902	-8	4034	14191	10.609418	-889.702529
55	5833	-9	1070	1955	-181.772361	547.522164
84	11689	-5	1731	5325	49.970650	137.549027
75	8170	-3	1944	3681	-131.500340	203.656584
27	1497	-14	243	486	759.925276	-1165.712364
146	45104	-12	8311	13005	214.770475	41.949430
56	5715	-7	108	3028	-441.986429	411.395537
9	21	-3	60	21	669.494799	-1009.892736
44	2810	-4	551	1385	41.088147	36.384881
118	20697	-3	1358	12566	-191.674220	-28.750980
19	584	-7	129	232	-370.020605	586.131009
137	29491	-3	6374	12395	-27.823518	-1035.642636
38	2353	-6	593	851	320.814036	-254.212947
10	140	-6	5	95	717.314620	459.815242
15	335	-5	81	144	-24.959014	797.540918
126	30563	-8	5516	10360	818.942554	110.073388
59	7426	-13	1322	2159	6.314894	1036.889120
37	2548	-10	567	802	-4.531766	-63.277653
131	34335	-9	5028	12133	-800.396694	-232.626207
91	17156	-11	3343	4938	-187.134724	-466.567066
135	29475	-4	7479	10746	70.361635	382.262998
134	36938	-11	7580	10376	464.109605	-3.205256
100	20379	-10	3666	6334	61.227549	551.985664
116	22300	-5	5326	8130	-272.476471	67.662018
45	3508	-6	412	1613	-1069.407970	170.121740
29	1528	-10	314	527	-228.444891	-55.844056
134	37652	-11	7287	10669	149.325107	-549.556855
126	34880	-13	1883	13993	74.808032	-571.816642
102	22231	-12	3656	6748	-137.715890	1000.537314
53	4806	-6	1160	1649	915.110229	-1054.328269
26	1103	-7	274	402	816.551689	388.936041
81	12806	-9	2488	4073	1095.826705	595.693184
60	7574	-12	1205	2395	-112.548988	965.473714
5	2	-5	19	6	-107.130003	-1242.695163
77	12079	-11	1869	4060	1004.210716	322.476459
148	47481	-12	1252	20652	601.872152	-422.865432
30	1730	-11	31	869	-656.606885	-264.646277
101	17093	-5	2682	7519	-29.095139	-172.244335
11	206	-12	40	81	490.708095	-246.705044
131	30878	-6	3700	13461	-27.479984	391.584726
103	21301	-9	2914	7695	-32.563637	1112.452269
59	5995	-5	1137	2344	-78.779076	1341.268858
18	606	-14	117	207	-558.613242	-151.891035
9	104	-14	37	44	249.573367	217.018358
107	25459	-14	2867	8582	107.670393	-816.154548
30	1645	-9	250	650	441.262968	-9.911239
58	6455	-11	1402	1962	209.772417	34.795132
67	9351	-12	1662	2827	-85.692765	904.413049
10	78	-4	58	42	-839.671736	1829.130326
23	736	-3	115	414	1368.126591	-442.448335
123	27578	-6	4747	10382	12.754514	-681.185891
137	31466	-4	4057	14712	1388.964904	-263.292813
49	5018	-13	507	1894	-127.012117	194.664574
34	2192	-9	22	1134	1152.479351	651.326138